1 0 5016 0 1 0
1 0 5130 0 1 0
1 0 5239 0 1 0
1 0 5247 0 1 0
1 0 5262 0 1 0
1 0 5263 0 1 0
1 0 5297 0 1 0
1 0 5396 0 1 0
1 0 5445 0 1 0
1 0 5448 0 1 0
1 0 5452 0 1 0
1 0 5460 0 1 0
1 0 5467 0 1 0
1 0 5470 0 1 0
1 0 5477 0 1 0
1 0 5547 0 1 0
1 0 5590 0 1 0
1 0 5716 0 1 0
1 0 5727 0 1 0
1 0 5833 0 1 0
1 0 5943 0 1 0
1 0 6359 0 1 0
1 0 6404 0 1 0
1 0 6438 0 1 0
1 0 6445 0 1 0
1 0 6448 0 1 0
1 0 6451 0 1 0
1 0 6468 0 1 0
1 0 6473 0 1 0
1 0 6475 0 1 0
1 0 6560 0 1 0
1 0 6638 0 1 0
1 0 6640 0 1 0
1 0 6660 0 1 0
1 0 6770 0 1 0
1 0 6796 0 1 0
1 0 6836 0 1 0
1 0 6914 0 1 0
1 0 6975 0 1 0
1 0 6987 0 1 0
1 0 7181 0 1 0
1 0 7292 0 1 0
1 0 7343 0 1 0
1 0 7365 0 1 0
1 0 7460 0 1 0
1 0 7472 0 1 0
1 0 7529 0 1 0
1 0 7560 0 1 0
1 0 7569 0 1 0
1 0 7620 0 1 0
1 0 7662 0 1 0
1 0 7664 0 1 0
1 0 7679 0 1 0
1 0 7687 0 1 0
1 0 7688 0 1 0
1 0 7691 0 1 0
1 0 7720 0 1 0
1 0 7846 0 1 0
1 0 7875 0 1 0
1 0 8019 0 1 0
1 0 8049 0 1 0
1 0 8080 0 1 0
1 0 8184 0 1 0
1 0 8185 0 1 0
1 0 8234 0 1 0
1 0 8321 0 1 0
1 0 8332 0 1 0
1 0 8679 0 1 0
1 0 8732 0 1 0
1 0 8792 0 1 0
1 0 8914 0 1 0
1 0 8955 0 1 0
1 0 9025 0 1 0
1 0 9029 0 1 0
1 0 9036 0 1 0
1 0 9038 0 1 0
1 0 9048 0 1 0
1 0 9060 0 1 0
1 0 9062 0 1 0
1 0 9063 0 1 0
1 0 9082 0 1 0
1 0 9091 0 1 0
1 0 9186 0 1 0
1 0 9275 0 1 0
1 0 9278 0 1 0
1 0 9390 0 1 0
1 0 9441 0 1 0
1 0 9589 0 1 0
1 0 9612 0 1 0
1 0 9636 0 1 0
1 0 9739 0 1 0
1 0 9745 0 1 0
1 0 9819 0 1 0
1 0 9822 0 1 0
1 0 9827 0 1 0
1 0 9969 0 1 0
1 0 10035 0 1 0
2 0 5121 0 1 0
2 0 9625 0 1 0
2 0 9891 0 1 0
2 0 8993 0 1 0
2 0 5590 0 1 0
2 0 8922 0 1 0
2 0 8266 0 1 0
2 0 5342 0 1 0
2 0 8907 0 1 0
2 0 7597 0 1 0
2 0 9190 0 1 0
2 0 8753 0 1 0
2 0 5350 0 1 0
2 0 9470 0 1 0
2 0 7759 0 1 0
2 0 9456 0 1 0
2 0 9704 0 1 0
2 0 9253 0 1 0
2 0 5418 0 1 0
2 0 6605 0 1 0
2 0 5824 0 1 0
2 0 6062 0 1 0
2 0 9945 0 1 0
2 0 6052 0 1 0
2 0 9138 0 1 0
2 0 8038 0 1 0
2 0 8241 0 1 0
2 0 9832 0 1 0
2 0 7503 0 1 0
3 0 7407 0 1 0
3 0 5957 0 1 0
3 0 8019 0 1 0
3 0 7151 0 1 0
3 0 9582 0 1 0
3 0 8925 0 1 0
3 0 7909 0 1 0
3 0 5019 0 1 0
3 0 8374 0 1 0
3 0 9584 0 1 0
3 0 6460 0 1 0
3 0 8058 0 1 0
3 0 5954 0 1 0
3 0 8419 0 1 0
3 0 7735 0 1 0
3 0 8606 0 1 0
3 0 5390 0 1 0
3 0 8564 0 1 0
3 0 5023 0 1 0
3 0 9198 0 1 0
3 0 6907 0 1 0
3 0 9371 0 1 0
3 0 7745 0 1 0
3 0 6916 0 1 0
3 0 6964 0 1 0
3 0 9595 0 1 0
3 0 9652 0 1 0
3 0 9665 0 1 0
3 0 7533 0 1 0
3 0 8270 0 1 0
3 0 6342 0 1 0
3 0 8856 0 1 0
3 0 8446 0 1 0
3 0 7353 0 1 0
3 0 9616 0 1 0
3 0 9891 0 1 0
3 0 7598 0 1 0
3 0 9078 0 1 0
3 0 9591 0 1 0
3 0 9821 0 1 0
3 0 7884 0 1 0
3 0 7876 0 1 0
3 0 6171 0 1 0
3 0 9779 0 1 0
3 0 7230 0 1 0
3 0 5672 0 1 0
3 0 9684 0 1 0
3 0 7335 0 1 0
3 0 10034 0 1 0
3 0 5730 0 1 0
3 0 8320 0 1 0
3 0 7175 0 1 0
3 0 9487 0 1 0
3 0 8375 0 1 0
3 0 6850 0 1 0
3 0 9579 0 1 0
3 0 5158 0 1 0
3 0 7925 0 1 0
3 0 9161 0 1 0
3 0 7842 0 1 0
3 0 8370 0 1 0
3 0 9069 0 1 0
3 0 5115 0 1 0
3 0 7789 0 1 0
3 0 5493 0 1 0
3 0 5901 0 1 0
3 0 9076 0 1 0
3 0 8162 0 1 0
3 0 6484 0 1 0
3 0 5506 0 1 0
3 0 5937 0 1 0
3 0 6470 0 1 0
3 0 8124 0 1 0
3 0 8741 0 1 0
3 0 6849 0 1 0
3 0 7183 0 1 0
3 0 7732 0 1 0
3 0 8605 0 1 0
3 0 9247 0 1 0
3 0 6915 0 1 0
3 0 5687 0 1 0
3 0 8416 0 1 0
3 0 6108 0 1 0
3 0 9180 0 1 0
3 0 9625 0 1 0
3 0 5825 0 1 0
3 0 6796 0 1 0
3 0 6848 0 1 0
3 0 6133 0 1 0
3 0 5829 0 1 0
3 0 9394 0 1 0
3 0 10025 0 1 0
3 0 6601 0 1 0
3 0 6870 0 1 0
3 0 8193 0 1 0
3 0 8988 0 1 0
3 0 5174 0 1 0
3 0 6927 0 1 0
3 0 7853 0 1 0
3 0 6183 0 1 0
3 0 6381 0 1 0
3 0 9079 0 1 0
3 0 9090 0 1 0
3 0 9869 0 1 0
3 0 9209 0 1 0
3 0 9860 0 1 0
3 0 9050 0 1 0
3 0 7730 0 1 0
3 0 9545 0 1 0
3 0 7907 0 1 0
3 0 6473 0 1 0
3 0 5585 0 1 0
3 0 5690 0 1 0
3 0 7987 0 1 0
3 0 5400 0 1 0
3 0 6182 0 1 0
3 0 7460 0 1 0
4 0 5506 0 1 0
4 0 6342 0 1 0
4 0 6470 0 1 0
4 0 6473 0 1 0
4 0 6484 0 1 0
4 0 6796 0 1 0
4 0 6848 0 1 0
4 0 6849 0 1 0
4 0 6850 0 1 0
4 0 7335 0 1 0
4 0 7533 0 1 0
4 0 7730 0 1 0
4 0 7732 0 1 0
4 0 7735 0 1 0
4 0 7876 0 1 0
4 0 7907 0 1 0
4 0 7925 0 1 0
4 0 8270 0 1 0
4 0 8370 0 1 0
4 0 8419 0 1 0
4 0 8564 0 1 0
4 0 8856 0 1 0
4 0 8925 0 1 0
4 0 9079 0 1 0
4 0 9247 0 1 0
4 0 9371 0 1 0
4 0 9487 0 1 0
4 0 9616 0 1 0
4 0 9684 0 1 0
4 0 9891 0 1 0
4 0 10034 0 1 0
5 0 5957 0 1 0
5 0 7151 0 1 0
5 0 8925 0 1 0
5 0 7909 0 1 0
5 0 5019 0 1 0
5 0 9584 0 1 0
5 0 8419 0 1 0
5 0 7735 0 1 0
5 0 5390 0 1 0
5 0 8564 0 1 0
5 0 9198 0 1 0
5 0 9371 0 1 0
5 0 7745 0 1 0
5 0 9652 0 1 0
5 0 9665 0 1 0
5 0 7533 0 1 0
5 0 8270 0 1 0
5 0 6342 0 1 0
5 0 8856 0 1 0
5 0 7353 0 1 0
5 0 9616 0 1 0
5 0 9891 0 1 0
5 0 7598 0 1 0
5 0 9591 0 1 0
5 0 9821 0 1 0
5 0 7884 0 1 0
5 0 7876 0 1 0
5 0 9779 0 1 0
5 0 7230 0 1 0
5 0 9684 0 1 0
5 0 7335 0 1 0
5 0 10034 0 1 0
5 0 5730 0 1 0
5 0 9487 0 1 0
5 0 8375 0 1 0
5 0 6850 0 1 0
5 0 5158 0 1 0
5 0 7925 0 1 0
5 0 9161 0 1 0
5 0 8370 0 1 0
5 0 9069 0 1 0
5 0 5493 0 1 0
5 0 9076 0 1 0
5 0 8162 0 1 0
5 0 6484 0 1 0
5 0 5506 0 1 0
5 0 6470 0 1 0
5 0 8124 0 1 0
5 0 8741 0 1 0
5 0 6849 0 1 0
5 0 7183 0 1 0
5 0 7732 0 1 0
5 0 9247 0 1 0
5 0 5687 0 1 0
5 0 9625 0 1 0
5 0 5825 0 1 0
5 0 6796 0 1 0
5 0 6848 0 1 0
5 0 6601 0 1 0
5 0 6870 0 1 0
5 0 5174 0 1 0
5 0 6927 0 1 0
5 0 6183 0 1 0
5 0 6381 0 1 0
5 0 9079 0 1 0
5 0 9090 0 1 0
5 0 9209 0 1 0
5 0 7730 0 1 0
5 0 7907 0 1 0
5 0 6473 0 1 0
5 0 7987 0 1 0
5 0 6182 0 1 0
5 0 7460 0 1 0
6 0 8282 0 1 0
6 0 6078 0 1 0
6 0 9229 0 1 0
6 0 8646 0 1 0
6 0 6879 0 1 0
6 0 8855 0 1 0
6 0 9625 0 1 0
6 0 8939 0 1 0
6 0 6096 0 1 0
6 0 6422 0 1 0
6 0 8778 0 1 0
6 0 7207 0 1 0
7 0 6901 0 1 0
8 0 9841 0 1 0
8 0 9986 0 1 0
8 0 9183 0 1 0
8 0 6247 0 1 0
8 0 8850 0 1 0
8 0 6168 0 1 0
8 0 8738 0 1 0
8 0 8306 0 1 0
8 0 6727 0 1 0
8 0 7498 0 1 0
8 0 8127 0 1 0
8 0 8628 0 1 0
8 0 5244 0 1 0
8 0 9253 0 1 0
8 0 5245 0 1 0
8 0 7306 0 1 0
8 0 9691 0 1 0
8 0 5716 0 1 0
8 0 6533 0 1 0
8 0 8839 0 1 0
8 0 9040 0 1 0
8 0 8916 0 1 0
8 0 9184 0 1 0
8 0 7180 0 1 0
8 0 6049 0 1 0
8 0 6185 0 1 0
8 0 6254 0 1 0
8 0 9122 0 1 0
8 0 6375 0 1 0
8 0 5478 0 1 0
8 0 5243 0 1 0
8 0 6345 0 1 0
8 0 9939 0 1 0
8 0 5610 0 1 0
8 0 7499 0 1 0
8 0 7302 0 1 0
8 0 5175 0 1 0
8 0 7566 0 1 0
8 0 9464 0 1 0
8 0 8523 0 1 0
8 0 6387 0 1 0
8 0 9053 0 1 0
8 0 9615 0 1 0
8 0 9320 0 1 0
8 0 9938 0 1 0
8 0 8866 0 1 0
8 0 7565 0 1 0
8 0 5720 0 1 0
8 0 8535 0 1 0
8 0 5257 0 1 0
8 0 5354 0 1 0
8 0 9608 0 1 0
8 0 9609 0 1 0
8 0 6828 0 1 0
8 0 9879 0 1 0
8 0 5180 0 1 0
8 0 5053 0 1 0
8 0 9057 0 1 0
8 0 5404 0 1 0
8 0 6458 0 1 0
8 0 9827 0 1 0
8 0 5944 0 1 0
8 0 6878 0 1 0
8 0 7680 0 1 0
8 0 8520 0 1 0
8 0 7860 0 1 0
8 0 7346 0 1 0
8 0 8630 0 1 0
8 0 7079 0 1 0
8 0 8526 0 1 0
8 0 5394 0 1 0
8 0 8844 0 1 0
8 0 8044 0 1 0
8 0 9894 0 1 0
8 0 7181 0 1 0
8 0 9334 0 1 0
8 0 9048 0 1 0
8 0 7903 0 1 0
8 0 8250 0 1 0
8 0 5948 0 1 0
8 0 7567 0 1 0
8 0 8525 0 1 0
8 0 7418 0 1 0
8 0 9189 0 1 0
8 0 6989 0 1 0
8 0 7715 0 1 0
8 0 8022 0 1 0
8 0 9685 0 1 0
8 0 6039 0 1 0
8 0 8840 0 1 0
10 0 8082 0 1 0
10 0 5515 0 1 0
10 0 8971 0 1 0
10 0 9082 0 1 0
10 0 6097 0 1 0
10 0 7661 0 1 0
10 0 6106 0 1 0
10 0 6417 0 1 0
10 0 5562 0 1 0
10 0 8164 0 1 0
10 0 5439 0 1 0
10 0 7746 0 1 0
10 0 6557 0 1 0
10 0 5505 0 1 0
10 0 6474 0 1 0
10 0 5793 0 1 0
10 0 8426 0 1 0
10 0 6778 0 1 0
10 0 7342 0 1 0
10 0 7748 0 1 0
10 0 9391 0 1 0
10 0 6780 0 1 0
10 0 6648 0 1 0
10 0 6378 0 1 0
10 0 7011 0 1 0
10 0 5378 0 1 0
10 0 9099 0 1 0
10 0 6895 0 1 0
10 0 5092 0 1 0
10 0 8573 0 1 0
10 0 9864 0 1 0
10 0 7111 0 1 0
10 0 7610 0 1 0
10 0 7930 0 1 0
10 0 9662 0 1 0
10 0 9937 0 1 0
10 0 8340 0 1 0
10 0 7603 0 1 0
10 0 5995 0 1 0
10 0 9024 0 1 0
10 0 9516 0 1 0
10 0 5000 0 1 0
10 0 5871 0 1 0
10 0 9150 0 1 0
10 0 9250 0 1 0
10 0 5630 0 1 0
10 0 7825 0 1 0
10 0 8659 0 1 0
