1 0 65 0 5.2663 0
1 0 3533 0 5.1829 0
1 0 3562 0 3.8102 0
1 0 92 0 3.6491 0
1 0 361 0 3.5341 0
1 0 141 0 3.5341 0
1 0 3608 0 3.4854 0
1 0 3734 0 3.4837 0
1 0 3420 0 3.4761 0
1 0 3529 0 3.3167 0
1 0 3405 0 3.2903 0
1 0 3599 0 3.1706 0
1 0 3387 0 3.1706 0
1 0 3829 0 3.1706 0
1 0 3706 0 3.1030 0
1 0 3403 0 2.9260 0
1 0 282 0 2.8802 0
1 0 3503 0 2.8386 0
1 0 3818 0 2.6939 0
1 0 3699 0 2.6767 0
1 0 125 0 2.6169 0
1 0 3417 0 2.6169 0
1 0 3708 0 2.5926 0
1 0 3495 0 2.5539 0
1 0 3519 0 2.4619 0
1 0 3817 0 2.4619 0
1 0 270 0 2.4009 0
1 0 3890 0 2.4009 0
1 0 3407 0 2.4009 0
1 0 3680 0 2.4009 0
1 0 163 0 2.2778 0
1 0 3345 0 2.2534 0
1 0 3441 0 2.2391 0
1 0 3327 0 2.2391 0
1 0 3329 0 2.1662 0
1 0 268 0 2.1248 0
1 0 3775 0 2.1248 0
1 0 3531 0 2.1105 0
1 0 3530 0 2.0217 0
1 0 3561 0 1.9685 0
1 0 3449 0 1.9630 0
1 0 3582 0 1.9630 0
1 0 3816 0 1.9630 0
1 0 3705 0 1.9630 0
1 0 3590 0 1.9630 0
1 0 3490 0 1.9630 0
1 0 172 0 1.9630 0
1 0 39 0 1.9630 0
1 0 326 0 1.9630 0
1 0 3504 0 1.8724 0
1 0 216 0 1.8724 0
1 0 3700 0 1.8595 0
1 0 3528 0 1.8344 0
1 0 3532 0 1.7925 0
1 0 352 0 1.7838 0
1 0 3596 0 1.7767 0
1 0 3876 0 1.7455 0
1 0 360 0 1.6924 0
1 0 3592 0 1.6309 0
1 0 3704 0 1.6309 0
1 0 3354 0 1.5711 0
1 0 177 0 1.5711 0
1 0 220 0 1.5711 0
1 0 3351 0 1.5711 0
1 0 3356 0 1.5711 0
1 0 262 0 1.5583 0
1 0 146 0 1.5583 0
1 0 3472 0 1.5447 0
1 0 287 0 1.5447 0
1 0 3567 0 1.4694 0
1 0 3771 0 1.4694 0
1 0 3710 0 1.3606 0
1 0 366 0 1.3606 0
1 0 3709 0 1.3606 0
1 0 3606 0 1.3606 0
1 0 106 0 1.3606 0
1 0 3788 0 1.3606 0
1 0 3939 0 1.3606 0
1 0 3694 0 1.3606 0
1 0 3830 0 1.3606 0
1 0 3591 0 1.3606 0
1 0 3820 0 1.3606 0
1 0 3658 0 1.3606 0
1 0 314 0 1.3548 0
1 0 3409 0 1.3548 0
1 0 3525 0 1.3548 0
1 0 3781 0 1.3548 0
1 0 3535 0 1.3548 0
1 0 3515 0 1.2076 0
1 0 3549 0 1.2076 0
1 0 3517 0 1.2076 0
1 0 3436 0 1.2076 0
1 0 95 0 1.2076 0
1 0 15 0 1.2076 0
1 0 33 0 1.2076 0
1 0 145 0 1.2076 0
1 0 129 0 1.2076 0
1 0 3838 0 1.2076 0
1 0 27 0 1.2076 0
1 0 3379 0 1.2076 0
1 0 12 0 1.2076 0
1 0 170 0 1.2076 0
1 0 3827 0 1.2076 0
1 0 3551 0 1.2076 0
1 0 3922 0 1.2076 0
1 0 274 0 1.2076 0
1 0 3925 0 1.2076 0
1 0 3746 0 1.2076 0
1 0 3867 0 1.2076 0
1 0 3659 0 1.2076 0
1 0 184 0 1.2076 0
1 0 234 0 1.2076 0
1 0 3614 0 1.2076 0
1 0 247 0 1.2076 0
1 0 3797 0 1.2076 0
1 0 3369 0 1.2076 0
1 0 3622 0 1.2076 0
1 0 217 0 1.2076 0
1 0 3633 0 1.2076 0
1 0 3768 0 1.2076 0
1 0 3337 0 1.2076 0
1 0 327 0 1.2076 0
1 0 3831 0 1.1933 0
1 0 241 0 1.1933 0
1 0 3437 0 1.1933 0
1 0 3374 0 1.1933 0
1 0 3805 0 1.1933 0
1 0 3548 0 1.1933 0
1 0 3928 0 1.1933 0
1 0 3793 0 1.1933 0
1 0 113 0 1.1933 0
1 0 3593 0 1.1933 0
1 0 3388 0 1.1933 0
1 0 228 0 1.1933 0
1 0 3821 0 1.1933 0
1 0 329 0 1.1933 0
1 0 313 0 1.1933 0
1 0 3412 0 1.1933 0
1 0 3932 0 1.0458 0
1 0 3707 0 1.0458 0
1 0 3834 0 1.0458 0
1 0 351 0 1.0458 0
1 0 3790 0 1.0458 0
1 0 3795 0 1.0458 0
1 0 3444 0 1.0458 0
1 0 3404 0 1.0458 0
1 0 3602 0 1.0458 0
1 0 3537 0 1.0458 0
1 0 3542 0 1.0458 0
1 0 171 0 1.0458 0
1 0 112 0 1.0458 0
1 0 3937 0 1.0458 0
1 0 248 0 1.0458 0
1 0 16 0 1.0458 0
1 0 3589 0 1.0458 0
1 0 3324 0 1.0458 0
1 0 3865 0 1.0458 0
1 0 3439 0 1.0458 0
1 0 3666 0 1.0458 0
1 0 161 0 1.0458 0
1 0 3673 0 1.0458 0
1 0 3617 0 1.0458 0
1 0 3580 0 1.0458 0
1 0 3835 0 1.0458 0
1 0 3586 0 1.0458 0
1 0 3661 0 1.0458 0
1 0 3822 0 1.0458 0
1 0 3494 0 1.0458 0
1 0 3390 0 1.0458 0
1 0 3469 0 1.0458 0
1 0 42 0 1.0458 0
1 0 3343 0 1.0458 0
1 0 3636 0 1.0458 0
1 0 24 0 1.0458 0
1 0 3396 0 1.0458 0
1 0 3460 0 1.0458 0
1 0 3470 0 1.0458 0
1 0 3869 0 0.9172 0
1 0 3347 0 0.9172 0
1 0 3397 0 0.9172 0
1 0 3595 0 0.9172 0
1 0 3654 0 0.9172 0
1 0 3443 0 0.9172 0
1 0 304 0 0.9172 0
1 0 46 0 0.9172 0
1 0 3726 0 0.9172 0
1 0 316 0 0.9172 0
1 0 3669 0 0.9172 0
1 0 328 0 0.9172 0
1 0 41 0 0.9172 0
1 0 3692 0 0.9172 0
1 0 3474 0 0.9172 0
1 0 3846 0 0.9172 0
1 0 186 0 0.9172 0
1 0 357 0 0.9172 0
1 0 3653 0 0.9172 0
1 0 32 0 0.9172 0
1 0 3913 0 0.9172 0
1 0 3401 0 0.9172 0
1 0 3792 0 0.9172 0
1 0 3714 0 0.9172 0
1 0 168 0 0.9172 0
1 0 3475 0 0.9172 0
1 0 3543 0 0.9172 0
1 0 3482 0 0.9172 0
1 0 3498 0 0.9172 0
1 0 190 0 0.9172 0
1 0 3701 0 0.9172 0
1 0 3901 0 0.9172 0
1 0 3672 0 0.9172 0
1 0 3597 0 0.9172 0
1 0 185 0 0.9172 0
1 0 3527 0 0.9172 0
1 0 3693 0 0.9172 0
1 0 3336 0 0.9172 0
1 0 3610 0 0.9172 0
1 0 3415 0 0.9172 0
1 0 315 0 0.9172 0
1 0 226 0 0.9172 0
2 0 3549 0 7.1811 0
2 0 305 0 6.9753 0
2 0 288 0 6.7996 0
2 0 223 0 6.0226 0
2 0 3762 0 4.9475 0
2 0 219 0 4.9475 0
2 0 3663 0 4.6263 0
2 0 3766 0 4.0773 0
2 0 188 0 3.9495 0
2 0 134 0 3.9031 0
2 0 3408 0 3.1469 0
2 0 3360 0 3.0988 0
2 0 3390 0 2.9744 0
2 0 3547 0 2.9317 0
2 0 3856 0 2.8554 0
2 0 226 0 2.7455 0
2 0 60 0 2.6212 0
2 0 103 0 2.6212 0
2 0 3738 0 2.5639 0
2 0 3448 0 2.5639 0
2 0 3545 0 2.5639 0
2 0 3359 0 2.3730 0
2 0 361 0 2.3007 0
2 0 3449 0 2.2534 0
2 0 3911 0 2.2534 0
2 0 40 0 2.2534 0
2 0 195 0 2.2534 0
2 0 143 0 2.2534 0
2 0 3421 0 2.2534 0
2 0 55 0 2.2534 0
2 0 3446 0 2.2534 0
2 0 3495 0 2.0158 0
2 0 3666 0 1.8342 0
2 0 286 0 1.8239 0
2 0 111 0 1.8239 0
2 0 3724 0 1.8239 0
2 0 31 0 1.8239 0
2 0 3567 0 1.7525 0
2 0 3503 0 1.5897 0
2 0 3947 0 1.5237 0
2 0 145 0 1.5237 0
2 0 372 0 1.5237 0
2 0 110 0 1.5237 0
2 0 3693 0 1.5237 0
2 0 275 0 1.5237 0
2 0 225 0 1.5237 0
2 0 3932 0 1.3420 0
2 0 351 0 1.3420 0
2 0 3515 0 1.3420 0
2 0 3459 0 1.3420 0
2 0 3720 0 1.3420 0
2 0 3418 0 1.3420 0
2 0 3697 0 1.3420 0
2 0 3665 0 1.3420 0
2 0 3714 0 1.3420 0
2 0 3434 0 1.3420 0
2 0 3631 0 1.3420 0
2 0 3 0 1.3420 0
2 0 3579 0 1.3420 0
2 0 3552 0 1.3420 0
2 0 344 0 1.3420 0
2 0 201 0 1.2218 0
2 0 177 0 1.2218 0
2 0 165 0 1.2218 0
2 0 3726 0 1.2218 0
2 0 3505 0 1.2218 0
2 0 212 0 1.2218 0
2 0 129 0 1.2218 0
2 0 3437 0 1.2218 0
2 0 186 0 1.2218 0
2 0 3653 0 1.2218 0
2 0 3349 0 1.2218 0
2 0 337 0 1.2218 0
2 0 262 0 1.2218 0
2 0 3788 0 1.2218 0
2 0 3382 0 1.2218 0
2 0 3827 0 1.2218 0
2 0 3366 0 1.2218 0
2 0 3533 0 1.2218 0
2 0 3643 0 1.2218 0
2 0 3645 0 1.2218 0
2 0 3407 0 1.2218 0
2 0 3925 0 1.2218 0
2 0 3935 0 1.2218 0
2 0 3781 0 1.2218 0
2 0 65 0 1.2218 0
2 0 277 0 1.2218 0
2 0 3584 0 1.2218 0
2 0 3414 0 1.2218 0
2 0 367 0 1.2218 0
2 0 3325 0 1.2218 0
2 0 3744 0 1.2218 0
2 0 3561 0 1.2218 0
2 0 266 0 1.2218 0
2 0 3569 0 1.0315 0
2 0 3620 0 1.0315 0
2 0 241 0 1.0315 0
2 0 3773 0 1.0315 0
2 0 3891 0 1.0315 0
2 0 310 0 1.0315 0
2 0 3802 0 1.0315 0
2 0 3521 0 1.0315 0
2 0 258 0 1.0315 0
2 0 3404 0 1.0315 0
2 0 197 0 1.0315 0
2 0 3599 0 1.0315 0
2 0 3782 0 1.0315 0
2 0 3698 0 1.0315 0
2 0 3344 0 1.0315 0
2 0 3944 0 1.0315 0
2 0 3771 0 1.0315 0
2 0 3388 0 1.0315 0
2 0 3943 0 1.0315 0
2 0 3867 0 1.0315 0
2 0 178 0 1.0315 0
2 0 66 0 1.0315 0
2 0 3380 0 1.0315 0
2 0 375 0 1.0315 0
2 0 19 0 1.0315 0
2 0 359 0 1.0315 0
2 0 3327 0 1.0315 0
2 0 3385 0 1.0315 0
2 0 247 0 1.0315 0
2 0 3822 0 1.0315 0
2 0 3462 0 1.0315 0
2 0 3335 0 1.0315 0
2 0 56 0 1.0315 0
2 0 166 0 1.0315 0
2 0 3667 0 1.0315 0
2 0 3473 0 1.0315 0
2 0 3343 0 1.0315 0
2 0 3423 0 1.0315 0
2 0 3442 0 1.0315 0
2 0 3860 0 1.0315 0
3 0 134 0 4.7144 0
3 0 3354 0 4.6197 0
3 0 3345 0 4.5126 0
3 0 268 0 3.5844 0
3 0 328 0 3.5048 0
3 0 21 0 3.4207 0
3 0 304 0 3.3940 0
3 0 313 0 3.3647 0
3 0 3790 0 3.1992 0
3 0 55 0 3.0639 0
3 0 217 0 2.8615 0
3 0 361 0 2.8351 0
3 0 3789 0 2.7263 0
3 0 125 0 2.6748 0
3 0 3635 0 2.6692 0
3 0 3506 0 2.6570 0
3 0 3495 0 2.5303 0
3 0 3653 0 2.5132 0
3 0 46 0 2.5132 0
3 0 241 0 2.4390 0
3 0 3879 0 2.4354 0
3 0 3671 0 2.3733 0
3 0 287 0 2.2840 0
3 0 3856 0 2.2561 0
3 0 3562 0 2.2487 0
3 0 254 0 2.2487 0
3 0 3793 0 2.2487 0
3 0 3775 0 2.2487 0
3 0 3419 0 2.2487 0
3 0 66 0 2.1274 0
3 0 3853 0 2.0356 0
3 0 3409 0 2.0356 0
3 0 3496 0 2.0356 0
3 0 3636 0 2.0356 0
3 0 3356 0 2.0333 0
3 0 12 0 2.0150 0
3 0 360 0 2.0044 0
3 0 3663 0 1.9615 0
3 0 3390 0 1.9615 0
3 0 351 0 1.9491 0
3 0 3503 0 1.9105 0
3 0 15 0 1.8607 0
3 0 118 0 1.8245 0
3 0 3349 0 1.8105 0
3 0 3743 0 1.8055 0
3 0 3546 0 1.8055 0
3 0 3595 0 1.8055 0
3 0 311 0 1.8019 0
3 0 3571 0 1.7834 0
3 0 3692 0 1.7700 0
3 0 3578 0 1.7552 0
3 0 3799 0 1.7552 0
3 0 366 0 1.7552 0
3 0 3701 0 1.7360 0
3 0 16 0 1.7321 0
3 0 3458 0 1.7321 0
3 0 138 0 1.6859 0
3 0 3938 0 1.6826 0
3 0 248 0 1.6667 0
3 0 3622 0 1.6410 0
3 0 341 0 1.6262 0
3 0 199 0 1.6114 0
3 0 3530 0 1.6114 0
3 0 3411 0 1.5569 0
3 0 3560 0 1.5421 0
3 0 3838 0 1.5421 0
3 0 3832 0 1.5421 0
3 0 3797 0 1.5230 0
3 0 3947 0 1.5191 0
3 0 3376 0 1.4728 0
3 0 3329 0 1.4728 0
3 0 3605 0 1.4728 0
3 0 3494 0 1.4448 0
3 0 65 0 1.4155 0
3 0 44 0 1.4132 0
3 0 3606 0 1.4132 0
3 0 331 0 1.4132 0
3 0 39 0 1.4132 0
3 0 3911 0 1.4132 0
3 0 3849 0 1.4132 0
3 0 169 0 1.3984 0
3 0 310 0 1.3984 0
3 0 3461 0 1.3984 0
3 0 135 0 1.3984 0
3 0 151 0 1.3984 0
3 0 3509 0 1.3984 0
3 0 43 0 1.3984 0
3 0 3412 0 1.3831 0
3 0 3522 0 1.3291 0
3 0 3830 0 1.3291 0
3 0 3367 0 1.3291 0
3 0 3630 0 1.3291 0
3 0 184 0 1.3291 0
3 0 3336 0 1.3291 0
3 0 137 0 1.3291 0
3 0 3449 0 1.3279 0
3 0 3355 0 1.3279 0
3 0 308 0 1.3279 0
3 0 3558 0 1.3279 0
3 0 101 0 1.3279 0
3 0 31 0 1.3279 0
3 0 3727 0 1.3279 0
3 0 3579 0 1.3279 0
3 0 3680 0 1.3279 0
3 0 318 0 1.3059 0
3 0 3696 0 1.3059 0
3 0 3644 0 1.2585 0
3 0 3468 0 1.2585 0
3 0 3699 0 1.2585 0
3 0 37 0 1.2024 0
3 0 314 0 1.2024 0
3 0 3536 0 1.2024 0
3 0 148 0 1.2024 0
3 0 3810 0 1.1853 0
3 0 3740 0 1.1853 0
3 0 207 0 1.1853 0
3 0 3521 0 1.1853 0
3 0 3846 0 1.1853 0
3 0 3850 0 1.1853 0
3 0 3652 0 1.1853 0
3 0 277 0 1.1853 0
3 0 3826 0 1.1853 0
3 0 3515 0 1.1853 0
3 0 3887 0 1.1853 0
3 0 3937 0 1.1853 0
3 0 146 0 1.1853 0
3 0 3658 0 1.1853 0
3 0 3413 0 1.1338 0
3 0 3551 0 1.1338 0
3 0 3387 0 1.1338 0
3 0 357 0 1.1338 0
3 0 3852 0 1.1338 0
3 0 3351 0 1.1338 0
3 0 3773 0 1.1338 0
3 0 3460 0 1.1338 0
3 0 145 0 1.1338 0
3 0 3734 0 1.0454 0
3 0 113 0 1.0454 0
3 0 3533 0 1.0454 0
3 0 3531 0 1.0454 0
3 0 282 0 1.0454 0
3 0 367 0 1.0454 0
3 0 3633 0 1.0454 0
3 0 3695 0 1.0454 0
3 0 20 0 1.0454 0
3 0 3405 0 1.0454 0
3 0 3561 0 1.0454 0
3 0 312 0 1.0454 0
3 0 3370 0 1.0095 0
3 0 3417 0 0.9749 0
3 0 200 0 0.9333 0
3 0 3907 0 0.9333 0
3 0 48 0 0.9333 0
3 0 3569 0 0.9208 0
3 0 3443 0 0.9208 0
3 0 3927 0 0.9208 0
3 0 3528 0 0.9208 0
3 0 3392 0 0.9208 0
3 0 315 0 0.9208 0
3 0 3787 0 0.9208 0
3 0 3788 0 0.9208 0
3 0 3535 0 0.9208 0
3 0 3796 0 0.9208 0
3 0 245 0 0.9208 0
3 0 186 0 0.9088 0
3 0 3925 0 0.8811 0
3 0 3944 0 0.8492 0
3 0 3563 0 0.8492 0
3 0 38 0 0.8114 0
3 0 285 0 0.8114 0
3 0 3489 0 0.8114 0
3 0 3369 0 0.8114 0
3 0 3718 0 0.8114 0
3 0 203 0 0.8114 0
3 0 307 0 0.8114 0
3 0 358 0 0.8114 0
3 0 177 0 0.7651 0
3 0 323 0 0.7651 0
3 0 3693 0 0.7651 0
3 0 3432 0 0.7651 0
3 0 213 0 0.7651 0
3 0 3715 0 0.7651 0
3 0 3914 0 0.7651 0
3 0 247 0 0.7651 0
3 0 3912 0 0.7651 0
3 0 3892 0 0.7077 0
3 0 3583 0 0.7077 0
3 0 221 0 0.7077 0
3 0 3733 0 0.7077 0
3 0 3801 0 0.7077 0
3 0 3659 0 0.7077 0
3 0 3435 0 0.7077 0
3 0 3917 0 0.7077 0
3 0 3591 0 0.7077 0
3 0 3397 0 0.7077 0
3 0 3559 0 0.7077 0
3 0 3772 0 0.7077 0
3 0 149 0 0.7077 0
3 0 3517 0 0.7077 0
3 0 131 0 0.7077 0
3 0 3726 0 0.7077 0
3 0 3807 0 0.7077 0
3 0 4 0 0.7077 0
3 0 3544 0 0.7077 0
3 0 23 0 0.7077 0
3 0 3709 0 0.7077 0
3 0 3792 0 0.7077 0
3 0 25 0 0.7077 0
3 0 3902 0 0.7077 0
3 0 3694 0 0.7077 0
3 0 3378 0 0.7077 0
3 0 224 0 0.7077 0
3 0 218 0 0.7077 0
3 0 3860 0 0.7077 0
3 0 336 0 0.7077 0
3 0 3759 0 0.7077 0
3 0 128 0 0.7077 0
3 0 3936 0 0.7077 0
3 0 3504 0 0.7077 0
3 0 163 0 0.7077 0
3 0 3632 0 0.7077 0
3 0 3440 0 0.7077 0
3 0 3379 0 0.7077 0
3 0 3519 0 0.7077 0
3 0 3441 0 0.7077 0
3 0 3823 0 0.7077 0
3 0 3399 0 0.7077 0
3 0 3760 0 0.7077 0
3 0 3645 0 0.7077 0
3 0 3774 0 0.7077 0
3 0 201 0 0.7077 0
3 0 3570 0 0.7077 0
3 0 220 0 0.7077 0
3 0 3702 0 0.7077 0
3 0 3466 0 0.7077 0
3 0 189 0 0.7077 0
3 0 3410 0 0.7077 0
3 0 161 0 0.7077 0
3 0 3750 0 0.7077 0
3 0 3854 0 0.7077 0
3 0 3470 0 0.7077 0
3 0 89 0 0.7054 0
3 0 32 0 0.7054 0
3 0 3565 0 0.7054 0
3 0 3844 0 0.7054 0
3 0 171 0 0.7054 0
3 0 3620 0 0.7054 0
3 0 3331 0 0.7054 0
3 0 3698 0 0.7054 0
3 0 3342 0 0.7054 0
3 0 259 0 0.7054 0
3 0 79 0 0.7054 0
3 0 3628 0 0.7054 0
3 0 3761 0 0.7054 0
3 0 140 0 0.7054 0
3 0 60 0 0.7054 0
3 0 265 0 0.7054 0
3 0 47 0 0.7054 0
3 0 105 0 0.7054 0
3 0 35 0 0.7054 0
3 0 103 0 0.7054 0
3 0 3459 0 0.6213 0
3 0 222 0 0.6213 0
3 0 3339 0 0.6213 0
3 0 139 0 0.6213 0
3 0 3414 0 0.6213 0
3 0 352 0 0.6213 0
3 0 182 0 0.6213 0
3 0 3415 0 0.6213 0
3 0 3923 0 0.6213 0
3 0 3886 0 0.6213 0
3 0 3418 0 0.6213 0
3 0 3641 0 0.6213 0
3 0 3866 0 0.6213 0
3 0 77 0 0.6213 0
3 0 3928 0 0.6213 0
3 0 2 0 0.6213 0
3 0 172 0 0.6213 0
3 0 3335 0 0.6213 0
3 0 115 0 0.6213 0
3 0 3932 0 0.6213 0
3 0 335 0 0.6213 0
3 0 348 0 0.6213 0
3 0 3604 0 0.6213 0
3 0 3739 0 0.6213 0
3 0 164 0 0.6213 0
3 0 321 0 0.6213 0
3 0 349 0 0.6213 0
3 0 372 0 0.6213 0
3 0 175 0 0.6213 0
3 0 371 0 0.6213 0
3 0 3745 0 0.6213 0
3 0 143 0 0.6213 0
3 0 3462 0 0.6213 0
3 0 250 0 0.6213 0
3 0 3795 0 0.6213 0
3 0 3625 0 0.6213 0
3 0 273 0 0.6213 0
3 0 270 0 0.6213 0
3 0 3608 0 0.6213 0
3 0 3368 0 0.6213 0
3 0 3786 0 0.6213 0
3 0 3341 0 0.6213 0
3 0 369 0 0.6213 0
3 0 3627 0 0.6213 0
3 0 166 0 0.6213 0
3 0 136 0 0.4776 0
3 0 3347 0 0.4776 0
3 0 3828 0 0.4776 0
3 0 130 0 0.4776 0
3 0 278 0 0.4776 0
3 0 212 0 0.4776 0
3 0 3611 0 0.4776 0
3 0 168 0 0.4776 0
3 0 141 0 0.4776 0
3 0 3685 0 0.4776 0
3 0 3836 0 0.4776 0
3 0 3615 0 0.4776 0
3 0 3742 0 0.4776 0
3 0 156 0 0.4776 0
3 0 3643 0 0.4776 0
3 0 3662 0 0.4776 0
3 0 181 0 0.4776 0
3 0 3870 0 0.4776 0
3 0 330 0 0.4776 0
3 0 3847 0 0.4776 0
3 0 69 0 0.4776 0
3 0 72 0 0.4776 0
3 0 3617 0 0.4776 0
3 0 3371 0 0.4776 0
3 0 3908 0 0.4776 0
3 0 3327 0 0.4776 0
3 0 279 0 0.4776 0
3 0 3385 0 0.4776 0
3 0 3755 0 0.4776 0
3 0 3626 0 0.4776 0
3 0 3744 0 0.4776 0
3 0 3845 0 0.4776 0
3 0 275 0 0.4776 0
3 0 3829 0 0.4776 0
3 0 3833 0 0.4776 0
3 0 3332 0 0.4776 0
3 0 3758 0 0.4776 0
3 0 3831 0 0.4776 0
3 0 3918 0 0.4776 0
3 0 3915 0 0.4776 0
3 0 3510 0 0.4776 0
3 0 3794 0 0.4776 0
3 0 165 0 0.4776 0
3 0 3416 0 0.4776 0
3 0 3616 0 0.4776 0
3 0 76 0 0.4776 0
3 0 3921 0 0.4776 0
3 0 3404 0 0.4776 0
3 0 3602 0 0.4776 0
3 0 251 0 0.4776 0
3 0 319 0 0.4776 0
3 0 3481 0 0.4776 0
3 0 75 0 0.4776 0
3 0 170 0 0.4776 0
3 0 3618 0 0.4776 0
3 0 3946 0 0.4776 0
3 0 3867 0 0.4776 0
3 0 178 0 0.4776 0
3 0 74 0 0.4776 0
3 0 3929 0 0.4776 0
3 0 3502 0 0.4776 0
3 0 167 0 0.4776 0
3 0 3609 0 0.4776 0
3 0 322 0 0.4776 0
3 0 289 0 0.4776 0
3 0 3779 0 0.4776 0
3 0 205 0 0.4776 0
3 0 320 0 0.4776 0
3 0 3389 0 0.4776 0
3 0 3839 0 0.4776 0
3 0 3512 0 0.4776 0
3 0 3842 0 0.4776 0
3 0 3768 0 0.4776 0
3 0 3337 0 0.4776 0
3 0 3442 0 0.4776 0
3 0 3541 0 0.4776 0
3 0 3648 0 0.4776 0
3 0 3623 0 0.4776 0
3 0 3607 0 0.4776 0
3 0 92 0 0.4776 0
3 0 3834 0 0.4776 0
3 0 255 0 0.4776 0
3 0 179 0 0.4776 0
3 0 3868 0 0.4776 0
3 0 3492 0 0.4776 0
3 0 3328 0 0.4776 0
3 0 3721 0 0.4776 0
3 0 346 0 0.4776 0
3 0 3882 0 0.4776 0
3 0 3348 0 0.4776 0
3 0 306 0 0.4776 0
3 0 3646 0 0.4776 0
3 0 3841 0 0.4776 0
3 0 133 0 0.4776 0
3 0 206 0 0.4776 0
3 0 3380 0 0.4776 0
3 0 3835 0 0.4776 0
3 0 68 0 0.4776 0
3 0 3614 0 0.4776 0
3 0 3661 0 0.4776 0
3 0 71 0 0.4776 0
3 0 180 0 0.4776 0
3 0 183 0 0.4776 0
3 0 3848 0 0.4776 0
3 0 3333 0 0.4776 0
3 0 326 0 0.4776 0
3 0 3610 0 0.4776 0
3 0 3837 0 0.4776 0
3 0 174 0 0.4776 0
3 0 3819 0 0.4776 0
3 0 82 0 0.4776 0
3 0 3334 0 0.4776 0
3 0 3722 0 0.4776 0
3 0 3769 0 0.4776 0
3 0 3840 0 0.4776 0
3 0 3906 0 0.4776 0
3 0 3619 0 0.4776 0
3 0 3567 0 0.4776 0
3 0 3480 0 0.4776 0
3 0 3338 0 0.4776 0
3 0 3340 0 0.4776 0
3 0 276 0 0.4776 0
3 0 129 0 0.4776 0
3 0 3612 0 0.4776 0
3 0 324 0 0.4776 0
3 0 3537 0 0.4776 0
3 0 262 0 0.4776 0
3 0 3827 0 0.4776 0
3 0 3350 0 0.4776 0
3 0 3613 0 0.4776 0
3 0 274 0 0.4776 0
3 0 13 0 0.4776 0
3 0 176 0 0.4776 0
3 0 3330 0 0.4776 0
3 0 70 0 0.4776 0
3 0 90 0 0.4776 0
3 0 3573 0 0.4776 0
3 0 3880 0 0.4776 0
3 0 3621 0 0.4776 0
3 0 73 0 0.4776 0
3 0 3804 0 0.4776 0
3 0 3487 0 0.4776 0
3 0 3746 0 0.4776 0
3 0 3478 0 0.4776 0
3 0 3508 0 0.4776 0
3 0 325 0 0.4776 0
3 0 3909 0 0.4776 0
3 0 3809 0 0.4776 0
3 0 3822 0 0.4776 0
3 0 185 0 0.4776 0
3 0 3881 0 0.4776 0
3 0 3843 0 0.4776 0
3 0 3624 0 0.4776 0
3 0 3576 0 0.4776 0
3 0 208 0 0.4776 0
3 0 173 0 0.4776 0
3 0 327 0 0.4776 0
4 0 134 0 4.4117 0
4 0 3938 0 3.2306 0
4 0 351 0 3.2305 0
4 0 3334 0 2.8356 0
4 0 3532 0 2.5666 0
4 0 3932 0 2.4169 0
4 0 3826 0 2.2638 0
4 0 3820 0 2.2638 0
4 0 272 0 2.1107 0
4 0 143 0 2.1107 0
4 0 3338 0 2.1107 0
4 0 370 0 2.1107 0
4 0 3629 0 2.1107 0
4 0 3561 0 2.0843 0
4 0 94 0 1.6021 0
4 0 3533 0 1.6021 0
4 0 3565 0 1.6021 0
4 0 3376 0 1.6021 0
4 0 3485 0 1.6021 0
4 0 16 0 1.6021 0
4 0 3654 0 1.6021 0
4 0 3504 0 1.6021 0
4 0 3505 0 1.6021 0
4 0 96 0 1.6021 0
4 0 3330 0 1.6021 0
4 0 3336 0 1.6021 0
4 0 3503 0 1.2283 0
4 0 3437 0 1.1704 0
4 0 133 0 1.1591 0
4 0 129 0 1.1471 0
4 0 3915 0 1.1345 0
4 0 3933 0 1.1345 0
4 0 3937 0 1.1345 0
4 0 3418 0 1.1068 0
4 0 3645 0 1.0916 0
4 0 3641 0 1.0752 0
4 0 255 0 1.0752 0
4 0 3410 0 1.0576 0
4 0 3417 0 1.0173 0
4 0 3897 0 1.0173 0
4 0 3926 0 1.0173 0
4 0 3370 0 0.9940 0
4 0 3413 0 0.9680 0
4 0 3495 0 0.9680 0
4 0 3412 0 0.9680 0
4 0 135 0 0.9680 0
4 0 138 0 0.9680 0
4 0 3920 0 0.9385 0
4 0 3931 0 0.9385 0
4 0 3908 0 0.9385 0
4 0 3936 0 0.9385 0
4 0 3793 0 0.9385 0
4 0 3445 0 0.9385 0
4 0 3786 0 0.9385 0
4 0 3912 0 0.9385 0
4 0 3435 0 0.9044 0
4 0 3929 0 0.9044 0
4 0 101 0 0.9044 0
4 0 3509 0 0.9044 0
4 0 371 0 0.9044 0
4 0 3401 0 0.9044 0
4 0 3746 0 0.9044 0
4 0 3443 0 0.8642 0
4 0 37 0 0.8642 0
4 0 139 0 0.8642 0
4 0 3414 0 0.8642 0
4 0 3389 0 0.8642 0
4 0 3411 0 0.8642 0
4 0 335 0 0.8642 0
4 0 327 0 0.8642 0
4 0 3449 0 0.8149 0
4 0 3459 0 0.8149 0
4 0 3387 0 0.8149 0
4 0 3642 0 0.8149 0
4 0 375 0 0.8149 0
4 0 3415 0 0.8149 0
4 0 153 0 0.8149 0
4 0 3416 0 0.8149 0
4 0 3726 0 0.8149 0
4 0 3602 0 0.8149 0
4 0 268 0 0.8149 0
4 0 213 0 0.8149 0
4 0 3331 0 0.8149 0
4 0 186 0 0.8149 0
4 0 3379 0 0.8149 0
4 0 3924 0 0.8149 0
4 0 3460 0 0.8149 0
4 0 3699 0 0.8149 0
4 0 3906 0 0.8149 0
4 0 3947 0 0.8149 0
4 0 276 0 0.8149 0
4 0 270 0 0.8149 0
4 0 274 0 0.8149 0
4 0 144 0 0.8149 0
4 0 38 0 0.7513 0
4 0 188 0 0.7513 0
4 0 352 0 0.7513 0
4 0 3886 0 0.7513 0
4 0 3921 0 0.7513 0
4 0 197 0 0.7513 0
4 0 3788 0 0.7513 0
4 0 3919 0 0.7513 0
4 0 224 0 0.7513 0
4 0 3718 0 0.7513 0
4 0 207 0 0.7513 0
4 0 3907 0 0.7513 0
4 0 3790 0 0.7513 0
4 0 328 0 0.7513 0
4 0 3492 0 0.7513 0
4 0 3434 0 0.7513 0
4 0 3716 0 0.7513 0
4 0 206 0 0.7513 0
4 0 284 0 0.7513 0
4 0 71 0 0.7513 0
4 0 3390 0 0.7513 0
4 0 3458 0 0.7513 0
4 0 3911 0 0.7513 0
4 0 140 0 0.7513 0
4 0 262 0 0.7513 0
4 0 19 0 0.7513 0
4 0 3569 0 0.6618 0
4 0 3828 0 0.6618 0
4 0 3403 0 0.6618 0
4 0 3782 0 0.6618 0
4 0 141 0 0.6618 0
4 0 3744 0 0.6618 0
4 0 3888 0 0.6618 0
4 0 315 0 0.6618 0
4 0 3858 0 0.6618 0
4 0 3923 0 0.6618 0
4 0 3409 0 0.6618 0
4 0 131 0 0.6618 0
4 0 114 0 0.6618 0
4 0 3910 0 0.6618 0
4 0 3349 0 0.6618 0
4 0 12 0 0.6618 0
4 0 3913 0 0.6618 0
4 0 3928 0 0.6618 0
4 0 3694 0 0.6618 0
4 0 3464 0 0.6618 0
4 0 3581 0 0.6618 0
4 0 3693 0 0.6618 0
4 0 244 0 0.6618 0
4 0 108 0 0.6618 0
4 0 3506 0 0.6618 0
4 0 3916 0 0.6618 0
4 0 46 0 0.6618 0
4 0 3868 0 0.6618 0
4 0 3440 0 0.6618 0
4 0 3342 0 0.6618 0
4 0 3900 0 0.6618 0
4 0 3925 0 0.6618 0
4 0 3655 0 0.6618 0
4 0 3914 0 0.6618 0
4 0 3727 0 0.6618 0
4 0 3769 0 0.6618 0
4 0 14 0 0.6618 0
4 0 3692 0 0.6618 0
4 0 198 0 0.6618 0
4 0 3838 0 0.6618 0
4 0 3548 0 0.6618 0
4 0 3939 0 0.6618 0
4 0 3588 0 0.6618 0
4 0 3439 0 0.6618 0
4 0 3804 0 0.6618 0
4 0 3775 0 0.6618 0
4 0 3935 0 0.6618 0
4 0 3680 0 0.6618 0
4 0 3757 0 0.6618 0
4 0 3909 0 0.6618 0
4 0 3809 0 0.6618 0
4 0 103 0 0.6618 0
4 0 137 0 0.6618 0
4 0 111 0 0.5086 0
4 0 136 0 0.5086 0
4 0 283 0 0.5086 0
4 0 241 0 0.5086 0
4 0 3732 0 0.5086 0
4 0 271 0 0.5086 0
4 0 177 0 0.5086 0
4 0 3568 0 0.5086 0
4 0 3930 0 0.5086 0
4 0 3927 0 0.5086 0
4 0 310 0 0.5086 0
4 0 21 0 0.5086 0
4 0 3436 0 0.5086 0
4 0 269 0 0.5086 0
4 0 3853 0 0.5086 0
4 0 15 0 0.5086 0
4 0 3798 0 0.5086 0
4 0 3890 0 0.5086 0
4 0 3393 0 0.5086 0
4 0 3551 0 0.5086 0
4 0 64 0 0.5086 0
4 0 248 0 0.5086 0
4 0 3734 0 0.5086 0
4 0 118 0 0.5086 0
4 0 3742 0 0.5086 0
4 0 154 0 0.5086 0
4 0 3407 0 0.5086 0
4 0 195 0 0.5086 0
4 0 3659 0 0.5086 0
4 0 69 0 0.5086 0
4 0 72 0 0.5086 0
4 0 3560 0 0.5086 0
4 0 3706 0 0.5086 0
4 0 30 0 0.5086 0
4 0 3580 0 0.5086 0
4 0 3756 0 0.5086 0
4 0 3917 0 0.5086 0
4 0 3703 0 0.5086 0
4 0 202 0 0.5086 0
4 0 3540 0 0.5086 0
4 0 3527 0 0.5086 0
4 0 132 0 0.5086 0
4 0 3829 0 0.5086 0
4 0 42 0 0.5086 0
4 0 3392 0 0.5086 0
4 0 182 0 0.5086 0
4 0 88 0 0.5086 0
4 0 374 0 0.5086 0
4 0 3758 0 0.5086 0
4 0 3918 0 0.5086 0
4 0 3397 0 0.5086 0
4 0 199 0 0.5086 0
4 0 3510 0 0.5086 0
4 0 3772 0 0.5086 0
4 0 160 0 0.5086 0
4 0 3844 0 0.5086 0
4 0 165 0 0.5086 0
4 0 3517 0 0.5086 0
4 0 36 0 0.5086 0
4 0 76 0 0.5086 0
4 0 3544 0 0.5086 0
4 0 3669 0 0.5086 0
4 0 23 0 0.5086 0
4 0 3404 0 0.5086 0
4 0 27 0 0.5086 0
4 0 3450 0 0.5086 0
4 0 53 0 0.5086 0
4 0 3785 0 0.5086 0
4 0 171 0 0.5086 0
4 0 3792 0 0.5086 0
4 0 26 0 0.5086 0
4 0 308 0 0.5086 0
4 0 354 0 0.5086 0
4 0 3944 0 0.5086 0
4 0 3875 0 0.5086 0
4 0 3345 0 0.5086 0
4 0 3660 0 0.5086 0
4 0 172 0 0.5086 0
4 0 3736 0 0.5086 0
4 0 289 0 0.5086 0
4 0 3535 0 0.5086 0
4 0 3622 0 0.5086 0
4 0 3855 0 0.5086 0
4 0 55 0 0.5086 0
4 0 3337 0 0.5086 0
4 0 3396 0 0.5086 0
4 0 3442 0 0.5086 0
4 0 361 0 0.5086 0
4 0 3834 0 0.5086 0
4 0 3431 0 0.5086 0
4 0 3598 0 0.5086 0
4 0 3773 0 0.5086 0
4 0 3536 0 0.5086 0
4 0 304 0 0.5086 0
4 0 3521 0 0.5086 0
4 0 3796 0 0.5086 0
4 0 3632 0 0.5086 0
4 0 343 0 0.5086 0
4 0 347 0 0.5086 0
4 0 3386 0 0.5086 0
4 0 3599 0 0.5086 0
4 0 112 0 0.5086 0
4 0 3574 0 0.5086 0
4 0 3696 0 0.5086 0
4 0 3493 0 0.5086 0
4 0 3745 0 0.5086 0
4 0 79 0 0.5086 0
4 0 3673 0 0.5086 0
4 0 3405 0 0.5086 0
4 0 3850 0 0.5086 0
4 0 3467 0 0.5086 0
4 0 277 0 0.5086 0
4 0 3761 0 0.5086 0
4 0 317 0 0.5086 0
4 0 3359 0 0.5086 0
4 0 180 0 0.5086 0
4 0 3438 0 0.5086 0
4 0 31 0 0.5086 0
4 0 3819 0 0.5086 0
4 0 3789 0 0.5086 0
4 0 155 0 0.5086 0
4 0 3570 0 0.5086 0
4 0 3567 0 0.5086 0
4 0 3934 0 0.5086 0
4 0 3625 0 0.5086 0
4 0 265 0 0.5086 0
4 0 3713 0 0.5086 0
4 0 3811 0 0.5086 0
4 0 3391 0 0.5086 0
4 0 3889 0 0.5086 0
4 0 3612 0 0.5086 0
4 0 324 0 0.5086 0
4 0 3670 0 0.5086 0
4 0 3827 0 0.5086 0
4 0 3922 0 0.5086 0
4 0 3475 0 0.5086 0
4 0 3865 0 0.5086 0
4 0 3579 0 0.5086 0
4 0 73 0 0.5086 0
4 0 3478 0 0.5086 0
4 0 66 0 0.5086 0
4 0 187 0 0.5086 0
4 0 3358 0 0.5086 0
4 0 3463 0 0.5086 0
4 0 166 0 0.5086 0
4 0 3624 0 0.5086 0
4 0 3576 0 0.5086 0
4 0 173 0 0.5086 0
4 0 210 0 0.5086 0
4 0 312 0 0.5086 0
4 0 3658 0 0.5086 0
5 0 3933 0 4.0807 0
5 0 3936 0 3.6620 0
5 0 3935 0 3.6002 0
5 0 3937 0 3.5511 0
5 0 3924 0 3.5384 0
5 0 3926 0 3.3547 0
5 0 140 0 3.2559 0
5 0 139 0 3.2558 0
5 0 3915 0 3.2555 0
5 0 3912 0 3.2462 0
5 0 3929 0 3.2419 0
5 0 3938 0 3.2295 0
5 0 3928 0 3.1859 0
5 0 12 0 3.1846 0
5 0 3716 0 3.1430 0
5 0 3919 0 3.1167 0
5 0 133 0 3.1158 0
5 0 3918 0 3.1038 0
5 0 135 0 3.0889 0
5 0 3931 0 3.0594 0
5 0 129 0 3.0328 0
5 0 3906 0 3.0198 0
5 0 3920 0 3.0109 0
5 0 3908 0 3.0109 0
5 0 3925 0 2.9992 0
5 0 137 0 2.9695 0
5 0 138 0 2.9247 0
5 0 131 0 2.8667 0
5 0 3910 0 2.7342 0
5 0 3927 0 2.7136 0
5 0 3911 0 2.6370 0
5 0 30 0 2.6296 0
5 0 3917 0 2.5811 0
5 0 3921 0 2.5530 0
5 0 3916 0 2.5474 0
5 0 3914 0 2.5474 0
5 0 226 0 2.5229 0
5 0 3621 0 2.5229 0
5 0 3909 0 2.4635 0
5 0 3930 0 2.3943 0
5 0 3913 0 2.3607 0
5 0 3757 0 2.3607 0
5 0 3907 0 2.3178 0
5 0 136 0 2.2076 0
5 0 134 0 2.2076 0
5 0 202 0 2.2076 0
5 0 3598 0 2.2076 0
5 0 3934 0 2.2076 0
5 0 3932 0 2.1946 0
5 0 3922 0 2.0751 0
5 0 3870 0 2.0724 0
5 0 3506 0 2.0415 0
5 0 3872 0 2.0182 0
5 0 130 0 1.9567 0
5 0 3389 0 1.9246 0
5 0 132 0 1.8884 0
5 0 171 0 1.8884 0
5 0 3944 0 1.8884 0
5 0 3431 0 1.8884 0
5 0 324 0 1.8884 0
5 0 3379 0 1.8753 0
5 0 290 0 1.8017 0
5 0 3569 0 1.7222 0
5 0 141 0 1.7222 0
5 0 3923 0 1.7222 0
5 0 3694 0 1.7222 0
5 0 14 0 1.7222 0
5 0 3376 0 1.6990 0
5 0 3871 0 1.6990 0
5 0 201 0 1.6990 0
5 0 3734 0 1.5691 0
5 0 154 0 1.5691 0
5 0 3540 0 1.5691 0
5 0 3438 0 1.5691 0
5 0 3670 0 1.5691 0
5 0 210 0 1.5691 0
5 0 59 0 1.5665 0
5 0 3856 0 1.5665 0
5 0 3822 0 1.5665 0
5 0 3652 0 1.3797 0
5 0 3503 0 1.2283 0
5 0 3437 0 1.1704 0
5 0 3418 0 1.1068 0
5 0 3645 0 1.0916 0
5 0 3641 0 1.0752 0
5 0 255 0 1.0752 0
5 0 3783 0 1.0605 0
5 0 16 0 1.0605 0
5 0 366 0 1.0605 0
5 0 3441 0 1.0605 0
5 0 175 0 1.0605 0
5 0 3841 0 1.0605 0
5 0 3479 0 1.0605 0
5 0 3720 0 1.0605 0
5 0 157 0 1.0605 0
5 0 3851 0 1.0605 0
5 0 3410 0 1.0576 0
5 0 3417 0 1.0173 0
5 0 3897 0 1.0173 0
5 0 3370 0 0.9940 0
5 0 3413 0 0.9680 0
5 0 3495 0 0.9680 0
5 0 3412 0 0.9680 0
5 0 3793 0 0.9385 0
5 0 3445 0 0.9385 0
5 0 3786 0 0.9385 0
5 0 3435 0 0.9044 0
5 0 101 0 0.9044 0
5 0 3509 0 0.9044 0
5 0 371 0 0.9044 0
5 0 3401 0 0.9044 0
5 0 3746 0 0.9044 0
5 0 3443 0 0.8642 0
5 0 37 0 0.8642 0
5 0 3414 0 0.8642 0
5 0 3411 0 0.8642 0
5 0 335 0 0.8642 0
5 0 327 0 0.8642 0
5 0 3449 0 0.8149 0
5 0 3459 0 0.8149 0
5 0 3387 0 0.8149 0
5 0 3642 0 0.8149 0
5 0 375 0 0.8149 0
5 0 3415 0 0.8149 0
5 0 153 0 0.8149 0
5 0 3416 0 0.8149 0
5 0 3726 0 0.8149 0
5 0 3602 0 0.8149 0
5 0 268 0 0.8149 0
5 0 213 0 0.8149 0
5 0 3331 0 0.8149 0
5 0 186 0 0.8149 0
5 0 3460 0 0.8149 0
5 0 3699 0 0.8149 0
5 0 3947 0 0.8149 0
5 0 276 0 0.8149 0
5 0 270 0 0.8149 0
5 0 274 0 0.8149 0
5 0 144 0 0.8149 0
5 0 38 0 0.7513 0
5 0 188 0 0.7513 0
5 0 352 0 0.7513 0
5 0 3886 0 0.7513 0
5 0 197 0 0.7513 0
5 0 3788 0 0.7513 0
5 0 224 0 0.7513 0
5 0 3718 0 0.7513 0
5 0 207 0 0.7513 0
5 0 3790 0 0.7513 0
5 0 328 0 0.7513 0
5 0 3492 0 0.7513 0
5 0 3434 0 0.7513 0
5 0 206 0 0.7513 0
5 0 284 0 0.7513 0
5 0 71 0 0.7513 0
5 0 3390 0 0.7513 0
5 0 3458 0 0.7513 0
5 0 3334 0 0.7513 0
5 0 262 0 0.7513 0
5 0 19 0 0.7513 0
5 0 3828 0 0.6618 0
5 0 3403 0 0.6618 0
5 0 3782 0 0.6618 0
5 0 3744 0 0.6618 0
5 0 3888 0 0.6618 0
5 0 315 0 0.6618 0
5 0 3858 0 0.6618 0
5 0 3409 0 0.6618 0
5 0 114 0 0.6618 0
5 0 3349 0 0.6618 0
5 0 3464 0 0.6618 0
5 0 3581 0 0.6618 0
5 0 3693 0 0.6618 0
5 0 244 0 0.6618 0
5 0 108 0 0.6618 0
5 0 46 0 0.6618 0
5 0 3868 0 0.6618 0
5 0 3440 0 0.6618 0
5 0 3342 0 0.6618 0
5 0 3900 0 0.6618 0
5 0 3655 0 0.6618 0
5 0 3727 0 0.6618 0
5 0 3826 0 0.6618 0
5 0 3769 0 0.6618 0
5 0 3692 0 0.6618 0
5 0 198 0 0.6618 0
5 0 3838 0 0.6618 0
5 0 3548 0 0.6618 0
5 0 3939 0 0.6618 0
5 0 3588 0 0.6618 0
5 0 3439 0 0.6618 0
5 0 3804 0 0.6618 0
5 0 3775 0 0.6618 0
5 0 3680 0 0.6618 0
5 0 3809 0 0.6618 0
5 0 103 0 0.6618 0
5 0 3820 0 0.6618 0
5 0 111 0 0.5086 0
5 0 283 0 0.5086 0
5 0 241 0 0.5086 0
5 0 3732 0 0.5086 0
5 0 271 0 0.5086 0
5 0 351 0 0.5086 0
5 0 177 0 0.5086 0
5 0 3568 0 0.5086 0
5 0 272 0 0.5086 0
5 0 310 0 0.5086 0
5 0 21 0 0.5086 0
5 0 3436 0 0.5086 0
5 0 269 0 0.5086 0
5 0 3853 0 0.5086 0
5 0 15 0 0.5086 0
5 0 3798 0 0.5086 0
5 0 3890 0 0.5086 0
5 0 3393 0 0.5086 0
5 0 3551 0 0.5086 0
5 0 64 0 0.5086 0
5 0 248 0 0.5086 0
5 0 118 0 0.5086 0
5 0 3742 0 0.5086 0
5 0 3407 0 0.5086 0
5 0 195 0 0.5086 0
5 0 3659 0 0.5086 0
5 0 69 0 0.5086 0
5 0 72 0 0.5086 0
5 0 3560 0 0.5086 0
5 0 3706 0 0.5086 0
5 0 3580 0 0.5086 0
5 0 3756 0 0.5086 0
5 0 3703 0 0.5086 0
5 0 3527 0 0.5086 0
5 0 3829 0 0.5086 0
5 0 42 0 0.5086 0
5 0 3392 0 0.5086 0
5 0 182 0 0.5086 0
5 0 88 0 0.5086 0
5 0 374 0 0.5086 0
5 0 3758 0 0.5086 0
5 0 3397 0 0.5086 0
5 0 199 0 0.5086 0
5 0 3510 0 0.5086 0
5 0 3772 0 0.5086 0
5 0 160 0 0.5086 0
5 0 3844 0 0.5086 0
5 0 165 0 0.5086 0
5 0 3517 0 0.5086 0
5 0 36 0 0.5086 0
5 0 76 0 0.5086 0
5 0 3544 0 0.5086 0
5 0 3669 0 0.5086 0
5 0 23 0 0.5086 0
5 0 3404 0 0.5086 0
5 0 27 0 0.5086 0
5 0 3450 0 0.5086 0
5 0 53 0 0.5086 0
5 0 3785 0 0.5086 0
5 0 3792 0 0.5086 0
5 0 26 0 0.5086 0
5 0 308 0 0.5086 0
5 0 354 0 0.5086 0
5 0 3875 0 0.5086 0
5 0 3345 0 0.5086 0
5 0 3660 0 0.5086 0
5 0 172 0 0.5086 0
5 0 3736 0 0.5086 0
5 0 289 0 0.5086 0
5 0 3535 0 0.5086 0
5 0 3622 0 0.5086 0
5 0 3855 0 0.5086 0
5 0 55 0 0.5086 0
5 0 3337 0 0.5086 0
5 0 3396 0 0.5086 0
5 0 3442 0 0.5086 0
5 0 361 0 0.5086 0
5 0 3834 0 0.5086 0
5 0 3773 0 0.5086 0
5 0 3536 0 0.5086 0
5 0 304 0 0.5086 0
5 0 3521 0 0.5086 0
5 0 3796 0 0.5086 0
5 0 3632 0 0.5086 0
5 0 343 0 0.5086 0
5 0 347 0 0.5086 0
5 0 3386 0 0.5086 0
5 0 3599 0 0.5086 0
5 0 112 0 0.5086 0
5 0 3574 0 0.5086 0
5 0 3696 0 0.5086 0
5 0 3493 0 0.5086 0
5 0 3745 0 0.5086 0
5 0 79 0 0.5086 0
5 0 3673 0 0.5086 0
5 0 3405 0 0.5086 0
5 0 3850 0 0.5086 0
5 0 3467 0 0.5086 0
5 0 277 0 0.5086 0
5 0 3761 0 0.5086 0
5 0 143 0 0.5086 0
5 0 317 0 0.5086 0
5 0 3359 0 0.5086 0
5 0 180 0 0.5086 0
5 0 31 0 0.5086 0
5 0 3819 0 0.5086 0
5 0 3789 0 0.5086 0
5 0 155 0 0.5086 0
5 0 3570 0 0.5086 0
5 0 3567 0 0.5086 0
5 0 3625 0 0.5086 0
5 0 265 0 0.5086 0
5 0 3713 0 0.5086 0
5 0 3338 0 0.5086 0
5 0 3811 0 0.5086 0
5 0 3391 0 0.5086 0
5 0 3889 0 0.5086 0
5 0 3612 0 0.5086 0
5 0 3827 0 0.5086 0
5 0 3475 0 0.5086 0
5 0 3865 0 0.5086 0
5 0 3579 0 0.5086 0
5 0 73 0 0.5086 0
5 0 3478 0 0.5086 0
5 0 66 0 0.5086 0
5 0 187 0 0.5086 0
5 0 370 0 0.5086 0
5 0 3358 0 0.5086 0
5 0 3629 0 0.5086 0
5 0 3463 0 0.5086 0
5 0 166 0 0.5086 0
5 0 3624 0 0.5086 0
5 0 3576 0 0.5086 0
5 0 173 0 0.5086 0
5 0 312 0 0.5086 0
5 0 3658 0 0.5086 0
6 0 59 0 8.3036 0
6 0 3906 0 6.4228 0
6 0 30 0 5.1011 0
6 0 3910 0 4.4699 0
6 0 3930 0 3.2432 0
6 0 3919 0 2.7281 0
6 0 272 0 2.6941 0
6 0 3463 0 2.3730 0
6 0 3920 0 2.0969 0
6 0 3926 0 2.0969 0
6 0 3935 0 2.0969 0
6 0 3917 0 1.8239 0
6 0 3909 0 1.8239 0
6 0 145 0 1.8239 0
6 0 3639 0 1.8239 0
6 0 160 0 1.8239 0
6 0 3782 0 1.8239 0
6 0 55 0 1.8239 0
6 0 374 0 1.8239 0
7 0 134 0 6.7490 0
7 0 3693 0 3.5815 0
7 0 3459 0 3.4826 0
7 0 287 0 3.4193 0
7 0 21 0 3.3624 0
7 0 3416 0 3.3573 0
7 0 3570 0 3.2303 0
7 0 3797 0 3.1652 0
7 0 3931 0 3.0088 0
7 0 146 0 2.9464 0
7 0 3584 0 2.9463 0
7 0 135 0 2.8837 0
7 0 3495 0 2.8788 0
7 0 3785 0 2.7933 0
7 0 3494 0 2.6261 0
7 0 327 0 2.6261 0
7 0 139 0 2.5861 0
7 0 3929 0 2.5645 0
7 0 129 0 2.4857 0
7 0 3449 0 2.4616 0
7 0 12 0 2.4368 0
7 0 308 0 2.4341 0
7 0 141 0 2.4297 0
7 0 3935 0 2.4104 0
7 0 3915 0 2.3933 0
7 0 3458 0 2.3796 0
7 0 3804 0 2.3779 0
7 0 126 0 2.3430 0
7 0 3438 0 2.3430 0
7 0 165 0 2.3372 0
7 0 78 0 2.3106 0
7 0 3384 0 2.3096 0
7 0 3468 0 2.2978 0
7 0 186 0 2.2793 0
7 0 248 0 2.2703 0
7 0 280 0 2.2702 0
7 0 3694 0 2.2551 0
7 0 17 0 2.2534 0
7 0 3503 0 2.2368 0
7 0 3692 0 2.2295 0
7 0 3701 0 2.1665 0
7 0 19 0 2.1665 0
7 0 3567 0 2.1458 0
7 0 13 0 2.1181 0
7 0 14 0 2.0854 0
7 0 313 0 2.0380 0
7 0 3483 0 2.0380 0
7 0 3463 0 2.0118 0
7 0 23 0 1.9904 0
7 0 3812 0 1.9904 0
7 0 3642 0 1.9799 0
7 0 144 0 1.9775 0
7 0 154 0 1.9375 0
7 0 3773 0 1.9375 0
7 0 3848 0 1.9238 0
7 0 138 0 1.9200 0
7 0 3370 0 1.9176 0
7 0 3796 0 1.9099 0
7 0 3412 0 1.8857 0
7 0 145 0 1.8255 0
7 0 3437 0 1.8255 0
7 0 268 0 1.8233 0
7 0 3916 0 1.8233 0
7 0 3563 0 1.8130 0
7 0 3936 0 1.7956 0
7 0 341 0 1.7956 0
7 0 262 0 1.7956 0
7 0 3756 0 1.7931 0
7 0 3823 0 1.7931 0
7 0 3443 0 1.7855 0
7 0 3794 0 1.7855 0
7 0 3695 0 1.7855 0
7 0 3937 0 1.7855 0
7 0 3927 0 1.7228 0
7 0 3932 0 1.7228 0
7 0 221 0 1.6990 0
7 0 89 0 1.6990 0
7 0 140 0 1.6990 0
7 0 3548 0 1.6990 0
7 0 3833 0 1.6712 0
7 0 250 0 1.6712 0
7 0 15 0 1.6711 0
7 0 153 0 1.6711 0
7 0 285 0 1.6711 0
7 0 163 0 1.6711 0
7 0 3388 0 1.6711 0
7 0 3800 0 1.6711 0
7 0 3439 0 1.6711 0
7 0 329 0 1.6711 0
7 0 3871 0 1.6610 0
7 0 41 0 1.6610 0
7 0 3460 0 1.6610 0
7 0 3838 0 1.6610 0
7 0 3793 0 1.6500 0
7 0 3566 0 1.6261 0
7 0 3580 0 1.6261 0
7 0 374 0 1.6261 0
7 0 3569 0 1.5984 0
7 0 3418 0 1.5984 0
7 0 3938 0 1.5984 0
7 0 3795 0 1.5983 0
7 0 3448 0 1.5665 0
7 0 3792 0 1.5657 0
7 0 3716 0 1.5657 0
7 0 88 0 1.5366 0
7 0 3559 0 1.5366 0
7 0 3867 0 1.5366 0
7 0 128 0 1.5366 0
7 0 3868 0 1.5366 0
7 0 3774 0 1.5366 0
7 0 3406 0 1.5366 0
7 0 3608 0 1.5366 0
7 0 331 0 1.5256 0
7 0 3691 0 1.5256 0
7 0 3828 0 1.4739 0
7 0 3354 0 1.4739 0
7 0 3805 0 1.4739 0
7 0 3465 0 1.4739 0
7 0 3715 0 1.4739 0
7 0 3376 0 1.4739 0
7 0 3913 0 1.4739 0
7 0 3620 0 1.4739 0
7 0 162 0 1.4739 0
7 0 213 0 1.4739 0
7 0 46 0 1.4739 0
7 0 3645 0 1.4739 0
7 0 3922 0 1.4739 0
7 0 161 0 1.4739 0
7 0 3786 0 1.4739 0
7 0 3327 0 1.4011 0
7 0 34 0 1.4011 0
7 0 3404 0 1.4011 0
7 0 3602 0 1.4011 0
7 0 3830 0 1.4011 0
7 0 336 0 1.4011 0
7 0 164 0 1.4011 0
7 0 86 0 1.4011 0
7 0 3593 0 1.4011 0
7 0 3574 0 1.3830 0
7 0 3441 0 1.3797 0
7 0 3769 0 1.3797 0
7 0 3585 0 1.3797 0
7 0 247 0 1.3797 0
7 0 3766 0 1.3797 0
7 0 3568 0 1.2767 0
7 0 3798 0 1.2767 0
7 0 3754 0 1.2767 0
7 0 118 0 1.2767 0
7 0 113 0 1.2767 0
7 0 171 0 1.2767 0
7 0 147 0 1.2767 0
7 0 3348 0 1.2767 0
7 0 45 0 1.2767 0
7 0 3462 0 1.2767 0
7 0 31 0 1.2767 0
7 0 3895 0 1.2767 0
7 0 198 0 1.2767 0
7 0 3471 0 1.2767 0
7 0 3588 0 1.2767 0
7 0 185 0 1.2767 0
7 0 3576 0 1.2767 0
7 0 3336 0 1.2767 0
7 0 3450 0 1.2752 0
7 0 40 0 1.2752 0
7 0 3440 0 1.2752 0
7 0 3484 0 1.2752 0
7 0 22 0 1.2752 0
7 0 3596 0 1.2752 0
7 0 3834 0 1.1232 0
7 0 200 0 1.0605 0
7 0 3587 0 1.0605 0
7 0 3447 0 1.0605 0
7 0 3870 0 1.0605 0
7 0 3435 0 1.0605 0
7 0 3335 0 1.0605 0
7 0 3718 0 1.0605 0
7 0 3353 0 1.0605 0
7 0 3417 0 1.0605 0
7 0 3386 0 1.0605 0
7 0 3657 0 1.0605 0
7 0 3619 0 1.0605 0
7 0 265 0 1.0605 0
7 0 3451 0 1.0605 0
7 0 3919 0 0.9764 0
7 0 3369 0 0.9112 0
7 0 3923 0 0.8872 0
7 0 3921 0 0.8739 0
7 0 136 0 0.8633 0
7 0 33 0 0.8633 0
7 0 3872 0 0.8633 0
7 0 106 0 0.8633 0
7 0 3551 0 0.8633 0
7 0 3783 0 0.8633 0
7 0 3847 0 0.8633 0
7 0 3755 0 0.8633 0
7 0 132 0 0.8633 0
7 0 24 0 0.8633 0
7 0 3758 0 0.8633 0
7 0 3640 0 0.8633 0
7 0 3763 0 0.8633 0
7 0 172 0 0.8633 0
7 0 3431 0 0.8633 0
7 0 3357 0 0.8633 0
7 0 3808 0 0.8633 0
7 0 174 0 0.8633 0
7 0 3452 0 0.8633 0
7 0 3713 0 0.8633 0
7 0 3340 0 0.8633 0
7 0 3401 0 0.8633 0
7 0 3445 0 0.8633 0
7 0 3711 0 0.8633 0
7 0 3851 0 0.8633 0
7 0 55 0 0.8596 0
7 0 315 0 0.8439 0
7 0 3928 0 0.8439 0
7 0 311 0 0.8439 0
7 0 3933 0 0.8439 0
7 0 3572 0 0.8079 0
7 0 314 0 0.8079 0
7 0 3907 0 0.8079 0
7 0 3911 0 0.8079 0
7 0 3714 0 0.7868 0
7 0 3791 0 0.7868 0
7 0 3434 0 0.7868 0
7 0 372 0 0.7868 0
7 0 201 0 0.7868 0
7 0 3917 0 0.7628 0
7 0 3788 0 0.7628 0
7 0 148 0 0.7628 0
7 0 151 0 0.7628 0
7 0 3491 0 0.7351 0
7 0 3806 0 0.7351 0
7 0 182 0 0.7351 0
7 0 328 0 0.7351 0
7 0 3925 0 0.7351 0
7 0 3579 0 0.7351 0
7 0 312 0 0.7351 0
7 0 188 0 0.7024 0
7 0 3787 0 0.7024 0
7 0 318 0 0.7024 0
7 0 3337 0 0.7024 0
7 0 3444 0 0.7024 0
7 0 3604 0 0.7024 0
7 0 20 0 0.7024 0
7 0 3367 0 0.7024 0
7 0 47 0 0.7024 0
7 0 3358 0 0.7024 0
7 0 3912 0 0.7024 0
7 0 91 0 0.6623 0
7 0 3433 0 0.6623 0
7 0 3387 0 0.6623 0
7 0 3908 0 0.6623 0
7 0 26 0 0.6623 0
7 0 3464 0 0.6623 0
7 0 3622 0 0.6623 0
7 0 3799 0 0.6623 0
7 0 3411 0 0.6623 0
7 0 3790 0 0.6623 0
7 0 142 0 0.6623 0
7 0 3655 0 0.6623 0
7 0 155 0 0.6623 0
7 0 3488 0 0.6623 0
7 0 3571 0 0.6623 0
7 0 3906 0 0.6623 0
7 0 3947 0 0.6623 0
7 0 176 0 0.6623 0
7 0 3410 0 0.6623 0
7 0 3909 0 0.6623 0
7 0 3413 0 0.6107 0
7 0 3403 0 0.6107 0
7 0 3810 0 0.6107 0
7 0 32 0 0.6107 0
7 0 3643 0 0.6107 0
7 0 3407 0 0.6107 0
7 0 323 0 0.6107 0
7 0 3586 0 0.6107 0
7 0 3845 0 0.6107 0
7 0 42 0 0.6107 0
7 0 59 0 0.6107 0
7 0 131 0 0.6107 0
7 0 3485 0 0.6107 0
7 0 178 0 0.6107 0
7 0 3852 0 0.6107 0
7 0 255 0 0.6107 0
7 0 366 0 0.6107 0
7 0 101 0 0.6107 0
7 0 340 0 0.6107 0
7 0 3646 0 0.6107 0
7 0 79 0 0.6107 0
7 0 3628 0 0.6107 0
7 0 143 0 0.6107 0
7 0 317 0 0.6107 0
7 0 116 0 0.6107 0
7 0 3334 0 0.6107 0
7 0 3630 0 0.6107 0
7 0 297 0 0.6107 0
7 0 3849 0 0.6107 0
7 0 3368 0 0.6107 0
7 0 3680 0 0.6107 0
7 0 166 0 0.6107 0
7 0 152 0 0.5379 0
7 0 3697 0 0.5379 0
7 0 3878 0 0.5379 0
7 0 3565 0 0.5379 0
7 0 3414 0 0.5379 0
7 0 3776 0 0.5379 0
7 0 3415 0 0.5379 0
7 0 3858 0 0.5379 0
7 0 3663 0 0.5379 0
7 0 3461 0 0.5379 0
7 0 3409 0 0.5379 0
7 0 3844 0 0.5379 0
7 0 3726 0 0.5379 0
7 0 3669 0 0.5379 0
7 0 3910 0 0.5379 0
7 0 3709 0 0.5379 0
7 0 3606 0 0.5379 0
7 0 3349 0 0.5379 0
7 0 3489 0 0.5379 0
7 0 3345 0 0.5379 0
7 0 3578 0 0.5379 0
7 0 367 0 0.5379 0
7 0 3535 0 0.5379 0
7 0 3396 0 0.5379 0
7 0 214 0 0.5379 0
7 0 3598 0 0.5379 0
7 0 3331 0 0.5379 0
7 0 3505 0 0.5379 0
7 0 3346 0 0.5379 0
7 0 3499 0 0.5379 0
7 0 3739 0 0.5379 0
7 0 347 0 0.5379 0
7 0 321 0 0.5379 0
7 0 371 0 0.5379 0
7 0 3677 0 0.5379 0
7 0 3850 0 0.5379 0
7 0 3924 0 0.5379 0
7 0 3359 0 0.5379 0
7 0 3325 0 0.5379 0
7 0 3727 0 0.5379 0
7 0 3816 0 0.5379 0
7 0 3472 0 0.5379 0
7 0 3803 0 0.5379 0
7 0 184 0 0.5379 0
7 0 187 0 0.5379 0
7 0 370 0 0.5379 0
7 0 3926 0 0.5379 0
7 0 3629 0 0.5379 0
7 0 169 0 0.4134 0
7 0 3582 0 0.4134 0
7 0 3920 0 0.4134 0
7 0 351 0 0.4134 0
7 0 130 0 0.4134 0
7 0 310 0 0.4134 0
7 0 3583 0 0.4134 0
7 0 3474 0 0.4134 0
7 0 3611 0 0.4134 0
7 0 3782 0 0.4134 0
7 0 3562 0 0.4134 0
7 0 3486 0 0.4134 0
7 0 94 0 0.4134 0
7 0 44 0 0.4134 0
7 0 38 0 0.4134 0
7 0 3617 0 0.4134 0
7 0 3560 0 0.4134 0
7 0 3706 0 0.4134 0
7 0 30 0 0.4134 0
7 0 202 0 0.4134 0
7 0 3591 0 0.4134 0
7 0 3668 0 0.4134 0
7 0 3813 0 0.4134 0
7 0 3577 0 0.4134 0
7 0 3712 0 0.4134 0
7 0 3918 0 0.4134 0
7 0 3877 0 0.4134 0
7 0 209 0 0.4134 0
7 0 242 0 0.4134 0
7 0 3708 0 0.4134 0
7 0 3818 0 0.4134 0
7 0 243 0 0.4134 0
7 0 54 0 0.4134 0
7 0 197 0 0.4134 0
7 0 251 0 0.4134 0
7 0 3600 0 0.4134 0
7 0 27 0 0.4134 0
7 0 3866 0 0.4134 0
7 0 3660 0 0.4134 0
7 0 3824 0 0.4134 0
7 0 3497 0 0.4134 0
7 0 3351 0 0.4134 0
7 0 3581 0 0.4134 0
7 0 115 0 0.4134 0
7 0 218 0 0.4134 0
7 0 3855 0 0.4134 0
7 0 3442 0 0.4134 0
7 0 3623 0 0.4134 0
7 0 125 0 0.4134 0
7 0 3536 0 0.4134 0
7 0 304 0 0.4134 0
7 0 179 0 0.4134 0
7 0 335 0 0.4134 0
7 0 3825 0 0.4134 0
7 0 3521 0 0.4134 0
7 0 3632 0 0.4134 0
7 0 3599 0 0.4134 0
7 0 112 0 0.4134 0
7 0 3698 0 0.4134 0
7 0 28 0 0.4134 0
7 0 49 0 0.4134 0
7 0 349 0 0.4134 0
7 0 3696 0 0.4134 0
7 0 3342 0 0.4134 0
7 0 252 0 0.4134 0
7 0 3900 0 0.4134 0
7 0 3543 0 0.4134 0
7 0 3745 0 0.4134 0
7 0 3467 0 0.4134 0
7 0 39 0 0.4134 0
7 0 3678 0 0.4134 0
7 0 3914 0 0.4134 0
7 0 220 0 0.4134 0
7 0 3625 0 0.4134 0
7 0 3658 0 0.4134 0
7 0 3802 0 0.4134 0
7 0 245 0 0.4134 0
7 0 3466 0 0.4134 0
7 0 3856 0 0.4134 0
7 0 3889 0 0.4134 0
7 0 43 0 0.4134 0
7 0 3612 0 0.4134 0
7 0 3887 0 0.4134 0
7 0 3475 0 0.4134 0
7 0 3589 0 0.4134 0
7 0 3939 0 0.4134 0
7 0 3771 0 0.4134 0
7 0 3487 0 0.4134 0
7 0 3477 0 0.4134 0
7 0 3478 0 0.4134 0
7 0 3775 0 0.4134 0
7 0 3854 0 0.4134 0
7 0 35 0 0.4134 0
7 0 3897 0 0.4134 0
7 0 3843 0 0.4134 0
7 0 3624 0 0.4134 0
7 0 3656 0 0.4134 0
8 0 3928 0 5.7323 0
8 0 3915 0 3.6158 0
8 0 135 0 3.6158 0
8 0 3856 0 3.5113 0
8 0 3914 0 3.3805 0
8 0 3933 0 2.9462 0
8 0 3935 0 2.9384 0
8 0 3674 0 2.9213 0
8 0 171 0 2.8746 0
8 0 3936 0 2.7235 0
8 0 3924 0 2.7235 0
8 0 3918 0 2.5952 0
8 0 140 0 2.5046 0
8 0 3937 0 2.4166 0
8 0 3793 0 2.3948 0
8 0 3716 0 2.3917 0
8 0 139 0 2.3917 0
8 0 3919 0 2.3653 0
8 0 3938 0 2.3653 0
8 0 3925 0 2.3374 0
8 0 3929 0 2.3374 0
8 0 3926 0 2.3374 0
8 0 137 0 2.3077 0
8 0 3912 0 2.3077 0
8 0 216 0 2.2081 0
8 0 371 0 2.2081 0
8 0 3906 0 2.2049 0
8 0 3927 0 2.2049 0
8 0 131 0 2.2049 0
8 0 3931 0 2.1210 0
8 0 30 0 2.1210 0
8 0 3920 0 2.0724 0
8 0 3910 0 2.0724 0
8 0 3870 0 2.0724 0
8 0 3908 0 2.0724 0
8 0 3917 0 2.0724 0
8 0 3872 0 2.0182 0
8 0 130 0 1.9567 0
8 0 133 0 1.9567 0
8 0 138 0 1.9567 0
8 0 351 0 1.9448 0
8 0 3662 0 1.9448 0
8 0 3750 0 1.9448 0
8 0 3636 0 1.9448 0
8 0 3911 0 1.8857 0
8 0 3930 0 1.8857 0
8 0 3916 0 1.8857 0
8 0 129 0 1.8857 0
8 0 290 0 1.8017 0
8 0 3921 0 1.8017 0
8 0 3909 0 1.8017 0
8 0 201 0 1.6990 0
8 0 136 0 1.6990 0
8 0 3598 0 1.6990 0
8 0 3376 0 1.6990 0
8 0 3934 0 1.6990 0
8 0 3871 0 1.6990 0
8 0 3913 0 1.6990 0
8 0 134 0 1.6990 0
8 0 3757 0 1.6990 0
8 0 202 0 1.6990 0
8 0 3907 0 1.5665 0
8 0 3922 0 1.5665 0
8 0 3822 0 1.5665 0
8 0 59 0 1.5665 0
8 0 3449 0 1.4949 0
8 0 3749 0 1.4949 0
8 0 241 0 1.4949 0
8 0 3360 0 1.4949 0
8 0 3403 0 1.4949 0
8 0 3409 0 1.4949 0
8 0 3724 0 1.4949 0
8 0 265 0 1.4949 0
8 0 106 0 1.4949 0
8 0 3866 0 1.4949 0
8 0 49 0 1.4949 0
8 0 70 0 1.4949 0
8 0 3399 0 1.4949 0
8 0 3553 0 1.4949 0
8 0 194 0 1.4949 0
8 0 3554 0 1.4949 0
8 0 275 0 1.4949 0
8 0 336 0 1.4949 0
8 0 3932 0 1.3797 0
8 0 3431 0 1.3797 0
8 0 3506 0 1.3797 0
8 0 324 0 1.3797 0
8 0 3944 0 1.3797 0
8 0 3652 0 1.3797 0
8 0 132 0 1.3797 0
8 0 3569 0 1.0605 0
8 0 3479 0 1.0605 0
8 0 3923 0 1.0605 0
8 0 3720 0 1.0605 0
8 0 14 0 1.0605 0
8 0 366 0 1.0605 0
8 0 3670 0 1.0605 0
8 0 3379 0 1.0605 0
8 0 3441 0 1.0605 0
8 0 141 0 1.0605 0
8 0 3734 0 1.0605 0
8 0 3783 0 1.0605 0
8 0 16 0 1.0605 0
8 0 175 0 1.0605 0
8 0 3841 0 1.0605 0
8 0 3694 0 1.0605 0
8 0 154 0 1.0605 0
8 0 3540 0 1.0605 0
8 0 3389 0 1.0605 0
8 0 157 0 1.0605 0
8 0 210 0 1.0605 0
8 0 3438 0 1.0605 0
8 0 3851 0 1.0605 0
9 0 252 0 3.1367 0
9 0 351 0 3.0718 0
9 0 3648 0 2.7836 0
9 0 129 0 2.6558 0
9 0 3508 0 2.5631 0
9 0 3370 0 2.5026 0
9 0 101 0 2.4131 0
9 0 3443 0 2.3728 0
9 0 38 0 2.2600 0
9 0 216 0 2.2284 0
9 0 3409 0 2.1704 0
9 0 241 0 2.0173 0
9 0 3732 0 2.0173 0
9 0 134 0 2.0173 0
9 0 3407 0 2.0173 0
9 0 3392 0 2.0173 0
9 0 3510 0 2.0173 0
9 0 173 0 2.0173 0
9 0 91 0 1.5086 0
9 0 3582 0 1.5086 0
9 0 204 0 1.5086 0
9 0 334 0 1.5086 0
9 0 3402 0 1.5086 0
9 0 3355 0 1.5086 0
9 0 266 0 1.5086 0
9 0 127 0 1.5086 0
9 0 80 0 1.5086 0
9 0 3903 0 1.5086 0
9 0 45 0 1.5086 0
9 0 3446 0 1.5086 0
9 0 250 0 1.5086 0
9 0 3503 0 1.2283 0
9 0 3437 0 1.1704 0
9 0 133 0 1.1591 0
9 0 3915 0 1.1345 0
9 0 3933 0 1.1345 0
9 0 3937 0 1.1345 0
9 0 3418 0 1.1068 0
9 0 3645 0 1.0916 0
9 0 3641 0 1.0752 0
9 0 255 0 1.0752 0
9 0 3410 0 1.0576 0
9 0 3417 0 1.0173 0
9 0 3897 0 1.0173 0
9 0 3926 0 1.0173 0
9 0 3413 0 0.9680 0
9 0 3495 0 0.9680 0
9 0 3412 0 0.9680 0
9 0 135 0 0.9680 0
9 0 138 0 0.9680 0
9 0 3920 0 0.9385 0
9 0 3931 0 0.9385 0
9 0 3908 0 0.9385 0
9 0 3936 0 0.9385 0
9 0 3793 0 0.9385 0
9 0 3445 0 0.9385 0
9 0 3786 0 0.9385 0
9 0 3912 0 0.9385 0
9 0 3435 0 0.9044 0
9 0 3929 0 0.9044 0
9 0 3509 0 0.9044 0
9 0 371 0 0.9044 0
9 0 3401 0 0.9044 0
9 0 3746 0 0.9044 0
9 0 37 0 0.8642 0
9 0 139 0 0.8642 0
9 0 3414 0 0.8642 0
9 0 3389 0 0.8642 0
9 0 3411 0 0.8642 0
9 0 335 0 0.8642 0
9 0 3938 0 0.8642 0
9 0 327 0 0.8642 0
9 0 3449 0 0.8149 0
9 0 3459 0 0.8149 0
9 0 3387 0 0.8149 0
9 0 3642 0 0.8149 0
9 0 375 0 0.8149 0
9 0 3415 0 0.8149 0
9 0 153 0 0.8149 0
9 0 3416 0 0.8149 0
9 0 3726 0 0.8149 0
9 0 3602 0 0.8149 0
9 0 268 0 0.8149 0
9 0 3932 0 0.8149 0
9 0 213 0 0.8149 0
9 0 3331 0 0.8149 0
9 0 186 0 0.8149 0
9 0 3379 0 0.8149 0
9 0 3924 0 0.8149 0
9 0 3460 0 0.8149 0
9 0 3699 0 0.8149 0
9 0 3906 0 0.8149 0
9 0 3947 0 0.8149 0
9 0 276 0 0.8149 0
9 0 270 0 0.8149 0
9 0 274 0 0.8149 0
9 0 144 0 0.8149 0
9 0 188 0 0.7513 0
9 0 352 0 0.7513 0
9 0 3886 0 0.7513 0
9 0 3921 0 0.7513 0
9 0 197 0 0.7513 0
9 0 3788 0 0.7513 0
9 0 3919 0 0.7513 0
9 0 224 0 0.7513 0
9 0 3718 0 0.7513 0
9 0 207 0 0.7513 0
9 0 3907 0 0.7513 0
9 0 3790 0 0.7513 0
9 0 328 0 0.7513 0
9 0 3492 0 0.7513 0
9 0 3434 0 0.7513 0
9 0 3716 0 0.7513 0
9 0 206 0 0.7513 0
9 0 284 0 0.7513 0
9 0 71 0 0.7513 0
9 0 3390 0 0.7513 0
9 0 3458 0 0.7513 0
9 0 3334 0 0.7513 0
9 0 3911 0 0.7513 0
9 0 140 0 0.7513 0
9 0 262 0 0.7513 0
9 0 19 0 0.7513 0
9 0 3569 0 0.6618 0
9 0 3828 0 0.6618 0
9 0 3403 0 0.6618 0
9 0 3782 0 0.6618 0
9 0 141 0 0.6618 0
9 0 3744 0 0.6618 0
9 0 3888 0 0.6618 0
9 0 315 0 0.6618 0
9 0 3858 0 0.6618 0
9 0 3923 0 0.6618 0
9 0 131 0 0.6618 0
9 0 114 0 0.6618 0
9 0 3910 0 0.6618 0
9 0 3349 0 0.6618 0
9 0 12 0 0.6618 0
9 0 3913 0 0.6618 0
9 0 3928 0 0.6618 0
9 0 3694 0 0.6618 0
9 0 3464 0 0.6618 0
9 0 3581 0 0.6618 0
9 0 3693 0 0.6618 0
9 0 244 0 0.6618 0
9 0 108 0 0.6618 0
9 0 3506 0 0.6618 0
9 0 3916 0 0.6618 0
9 0 46 0 0.6618 0
9 0 3868 0 0.6618 0
9 0 3440 0 0.6618 0
9 0 3342 0 0.6618 0
9 0 3900 0 0.6618 0
9 0 3925 0 0.6618 0
9 0 3655 0 0.6618 0
9 0 3914 0 0.6618 0
9 0 3727 0 0.6618 0
9 0 3826 0 0.6618 0
9 0 3769 0 0.6618 0
9 0 14 0 0.6618 0
9 0 3692 0 0.6618 0
9 0 198 0 0.6618 0
9 0 3838 0 0.6618 0
9 0 3548 0 0.6618 0
9 0 3939 0 0.6618 0
9 0 3588 0 0.6618 0
9 0 3439 0 0.6618 0
9 0 3804 0 0.6618 0
9 0 3775 0 0.6618 0
9 0 3935 0 0.6618 0
9 0 3680 0 0.6618 0
9 0 3757 0 0.6618 0
9 0 3909 0 0.6618 0
9 0 3809 0 0.6618 0
9 0 103 0 0.6618 0
9 0 137 0 0.6618 0
9 0 3820 0 0.6618 0
9 0 111 0 0.5086 0
9 0 136 0 0.5086 0
9 0 283 0 0.5086 0
9 0 271 0 0.5086 0
9 0 177 0 0.5086 0
9 0 3568 0 0.5086 0
9 0 3930 0 0.5086 0
9 0 272 0 0.5086 0
9 0 3927 0 0.5086 0
9 0 310 0 0.5086 0
9 0 21 0 0.5086 0
9 0 3436 0 0.5086 0
9 0 269 0 0.5086 0
9 0 3853 0 0.5086 0
9 0 15 0 0.5086 0
9 0 3798 0 0.5086 0
9 0 3890 0 0.5086 0
9 0 3393 0 0.5086 0
9 0 3551 0 0.5086 0
9 0 64 0 0.5086 0
9 0 248 0 0.5086 0
9 0 3734 0 0.5086 0
9 0 118 0 0.5086 0
9 0 3742 0 0.5086 0
9 0 154 0 0.5086 0
9 0 195 0 0.5086 0
9 0 3659 0 0.5086 0
9 0 69 0 0.5086 0
9 0 72 0 0.5086 0
9 0 3560 0 0.5086 0
9 0 3706 0 0.5086 0
9 0 30 0 0.5086 0
9 0 3580 0 0.5086 0
9 0 3756 0 0.5086 0
9 0 3917 0 0.5086 0
9 0 3703 0 0.5086 0
9 0 202 0 0.5086 0
9 0 3540 0 0.5086 0
9 0 3527 0 0.5086 0
9 0 132 0 0.5086 0
9 0 3829 0 0.5086 0
9 0 42 0 0.5086 0
9 0 182 0 0.5086 0
9 0 88 0 0.5086 0
9 0 374 0 0.5086 0
9 0 3758 0 0.5086 0
9 0 3918 0 0.5086 0
9 0 3397 0 0.5086 0
9 0 199 0 0.5086 0
9 0 3772 0 0.5086 0
9 0 160 0 0.5086 0
9 0 3844 0 0.5086 0
9 0 165 0 0.5086 0
9 0 3517 0 0.5086 0
9 0 36 0 0.5086 0
9 0 76 0 0.5086 0
9 0 3544 0 0.5086 0
9 0 3669 0 0.5086 0
9 0 23 0 0.5086 0
9 0 3404 0 0.5086 0
9 0 27 0 0.5086 0
9 0 3450 0 0.5086 0
9 0 53 0 0.5086 0
9 0 3785 0 0.5086 0
9 0 171 0 0.5086 0
9 0 3792 0 0.5086 0
9 0 26 0 0.5086 0
9 0 308 0 0.5086 0
9 0 354 0 0.5086 0
9 0 3944 0 0.5086 0
9 0 3875 0 0.5086 0
9 0 3345 0 0.5086 0
9 0 3660 0 0.5086 0
9 0 172 0 0.5086 0
9 0 3736 0 0.5086 0
9 0 289 0 0.5086 0
9 0 3535 0 0.5086 0
9 0 3622 0 0.5086 0
9 0 3855 0 0.5086 0
9 0 55 0 0.5086 0
9 0 3337 0 0.5086 0
9 0 3396 0 0.5086 0
9 0 3442 0 0.5086 0
9 0 361 0 0.5086 0
9 0 3834 0 0.5086 0
9 0 3431 0 0.5086 0
9 0 3598 0 0.5086 0
9 0 3773 0 0.5086 0
9 0 3536 0 0.5086 0
9 0 304 0 0.5086 0
9 0 3521 0 0.5086 0
9 0 3796 0 0.5086 0
9 0 3632 0 0.5086 0
9 0 343 0 0.5086 0
9 0 347 0 0.5086 0
9 0 3386 0 0.5086 0
9 0 3599 0 0.5086 0
9 0 112 0 0.5086 0
9 0 3574 0 0.5086 0
9 0 3696 0 0.5086 0
9 0 3493 0 0.5086 0
9 0 3745 0 0.5086 0
9 0 79 0 0.5086 0
9 0 3673 0 0.5086 0
9 0 3405 0 0.5086 0
9 0 3850 0 0.5086 0
9 0 3467 0 0.5086 0
9 0 277 0 0.5086 0
9 0 3761 0 0.5086 0
9 0 143 0 0.5086 0
9 0 317 0 0.5086 0
9 0 3359 0 0.5086 0
9 0 180 0 0.5086 0
9 0 3438 0 0.5086 0
9 0 31 0 0.5086 0
9 0 3819 0 0.5086 0
9 0 3789 0 0.5086 0
9 0 155 0 0.5086 0
9 0 3567 0 0.5086 0
9 0 3934 0 0.5086 0
9 0 3625 0 0.5086 0
9 0 3658 0 0.5086 0
9 0 265 0 0.5086 0
9 0 3713 0 0.5086 0
9 0 3338 0 0.5086 0
9 0 3811 0 0.5086 0
9 0 3391 0 0.5086 0
9 0 3889 0 0.5086 0
9 0 3612 0 0.5086 0
9 0 324 0 0.5086 0
9 0 3670 0 0.5086 0
9 0 3827 0 0.5086 0
9 0 3922 0 0.5086 0
9 0 3475 0 0.5086 0
9 0 3865 0 0.5086 0
9 0 3579 0 0.5086 0
9 0 73 0 0.5086 0
9 0 3478 0 0.5086 0
9 0 66 0 0.5086 0
9 0 187 0 0.5086 0
9 0 370 0 0.5086 0
9 0 3358 0 0.5086 0
9 0 3629 0 0.5086 0
9 0 3463 0 0.5086 0
9 0 166 0 0.5086 0
9 0 3624 0 0.5086 0
9 0 3576 0 0.5086 0
9 0 210 0 0.5086 0
9 0 312 0 0.5086 0
9 0 3570 0 0.5086 0
10 0 3524 0 4.8532 0
10 0 3876 0 4.7829 0
10 0 3527 0 4.5982 0
10 0 218 0 4.2880 0
10 0 3446 0 4.2384 0
10 0 3920 0 3.9888 0
10 0 3374 0 3.9526 0
10 0 3899 0 3.6840 0
10 0 66 0 3.6204 0
10 0 3412 0 3.4516 0
10 0 12 0 3.2950 0
10 0 125 0 3.2876 0
10 0 290 0 3.2339 0
10 0 3751 0 3.1744 0
10 0 188 0 3.1744 0
10 0 3409 0 3.1253 0
10 0 3402 0 3.1068 0
10 0 3680 0 3.0459 0
10 0 356 0 2.8843 0
10 0 3368 0 2.8194 0
10 0 354 0 2.8014 0
10 0 241 0 2.6720 0
10 0 65 0 2.6157 0
10 0 3901 0 2.5690 0
10 0 3621 0 2.5229 0
10 0 226 0 2.5229 0
10 0 3669 0 2.5098 0
10 0 3793 0 2.5007 0
10 0 106 0 2.4860 0
10 0 3887 0 2.4860 0
10 0 3529 0 2.4860 0
10 0 3405 0 2.4860 0
10 0 3449 0 2.4797 0
10 0 3546 0 2.4797 0
10 0 328 0 2.4350 0
10 0 3530 0 2.4350 0
10 0 265 0 2.4023 0
10 0 3946 0 2.4023 0
10 0 255 0 2.3647 0
10 0 3771 0 2.3647 0
10 0 98 0 2.2536 0
10 0 3806 0 2.2536 0
10 0 3724 0 2.2473 0
10 0 3531 0 2.2026 0
10 0 3344 0 2.1883 0
10 0 372 0 2.1883 0
10 0 3732 0 2.1578 0
10 0 3561 0 2.1578 0
10 0 3902 0 2.1323 0
10 0 3490 0 2.1323 0
10 0 3496 0 2.0613 0
10 0 3543 0 2.0613 0
10 0 3776 0 2.0613 0
10 0 115 0 2.0613 0
10 0 3443 0 1.9701 0
10 0 335 0 1.9254 0
10 0 3894 0 1.9254 0
10 0 3856 0 1.9254 0
10 0 48 0 1.9254 0
10 0 3672 0 1.9145 0
10 0 3619 0 1.6929 0
10 0 3567 0 1.6929 0
10 0 3444 0 1.6929 0
10 0 60 0 1.6929 0
10 0 3492 0 1.6929 0
10 0 3674 0 1.6929 0
10 0 3383 0 1.6929 0
10 0 3519 0 1.6929 0
10 0 3631 0 1.6929 0
10 0 118 0 1.6929 0
10 0 311 0 1.6929 0
10 0 3939 0 1.6929 0
10 0 3552 0 1.6929 0
10 0 85 0 1.6929 0
10 0 359 0 1.6929 0
10 0 3854 0 1.6929 0
10 0 3736 0 1.6929 0
10 0 307 0 1.6929 0
10 0 215 0 1.6929 0
10 0 91 0 1.6374 0
10 0 3367 0 1.4815 0
10 0 3548 0 1.4815 0
10 0 3745 0 1.4815 0
10 0 3369 0 1.4815 0
10 0 3422 0 1.4815 0
10 0 352 0 1.4815 0
10 0 3396 0 1.4815 0
10 0 293 0 1.4752 0
10 0 3722 0 1.4752 0
10 0 249 0 1.4752 0
10 0 104 0 1.4752 0
10 0 111 0 1.3602 0
10 0 357 0 1.3602 0
10 0 3644 0 1.3602 0
10 0 225 0 1.3602 0
10 0 3932 0 1.2370 0
10 0 3437 0 1.2370 0
10 0 251 0 1.2370 0
10 0 3399 0 1.2370 0
10 0 3407 0 1.2370 0
10 0 3762 0 1.1980 0
10 0 3695 0 1.1980 0
10 0 36 0 1.1980 0
10 0 236 0 1.1980 0
10 0 90 0 1.1980 0
10 0 227 0 1.1980 0
10 0 3734 0 1.1405 0
10 0 3645 0 1.1405 0
10 0 3896 0 1.1405 0
10 0 3359 0 1.1405 0
10 0 3432 0 1.1405 0
10 0 3895 0 1.0045 0
10 0 3727 0 1.0045 0
10 0 358 0 1.0045 0
10 0 3773 0 1.0045 0
10 0 3360 0 1.0045 0
10 0 203 0 1.0045 0
10 0 3737 0 1.0045 0
10 0 3504 0 1.0045 0
10 0 102 0 1.0045 0
10 0 3537 0 1.0045 0
10 0 3393 0 1.0045 0
10 0 3931 0 1.0045 0
10 0 252 0 1.0045 0
10 0 3900 0 1.0045 0
10 0 3372 0 1.0045 0
10 0 3408 0 1.0045 0
10 0 370 0 1.0045 0
10 0 3463 0 1.0045 0
10 0 3535 0 1.0045 0
10 0 56 0 1.0045 0
10 0 3658 0 1.0045 0
10 0 92 0 0.9208 0
10 0 193 0 0.9208 0
10 0 282 0 0.9208 0
10 0 3459 0 0.9208 0
10 0 3403 0 0.9208 0
10 0 46 0 0.9208 0
10 0 3365 0 0.9208 0
10 0 3532 0 0.9208 0
10 0 3815 0 0.9208 0
10 0 52 0 0.9208 0
10 0 3585 0 0.9208 0
10 0 3741 0 0.9208 0
10 0 270 0 0.9208 0
10 0 3440 0 0.9208 0
10 0 3647 0 0.9208 0
10 0 3441 0 0.9208 0
10 0 49 0 0.9208 0
10 0 318 0 0.9208 0
10 0 3893 0 0.9208 0
10 0 305 0 0.9208 0
10 0 3875 0 0.9208 0
10 0 2 0 0.9208 0
10 0 362 0 0.9208 0
10 0 3439 0 0.9208 0
10 0 123 0 0.9208 0
10 0 235 0 0.9208 0
10 0 284 0 0.9208 0
10 0 375 0 0.9208 0
10 0 3701 0 0.9208 0
10 0 78 0 0.9208 0
10 0 369 0 0.9208 0
10 0 183 0 0.9208 0
10 0 3693 0 0.9208 0
10 0 3636 0 0.9208 0
10 0 3768 0 0.9208 0
10 0 3888 0 0.9208 0
10 0 3766 0 0.9208 0
10 0 3912 0 0.9208 0
10 0 214 0 0.7721 0
10 0 100 0 0.7721 0
10 0 286 0 0.7721 0
10 0 3354 0 0.7721 0
10 0 3397 0 0.7721 0
10 0 63 0 0.7721 0
10 0 3892 0 0.7721 0
10 0 3413 0 0.7721 0
10 0 3461 0 0.7721 0
10 0 3891 0 0.7721 0
10 0 160 0 0.7721 0
10 0 304 0 0.7721 0
10 0 310 0 0.7721 0
10 0 3436 0 0.7721 0
10 0 15 0 0.7721 0
10 0 3796 0 0.7721 0
10 0 47 0 0.7721 0
10 0 3495 0 0.7721 0
10 0 221 0 0.7721 0
10 0 3733 0 0.7721 0
10 0 3406 0 0.7721 0
10 0 198 0 0.7721 0
10 0 3890 0 0.7721 0
10 0 3787 0 0.7721 0
10 0 43 0 0.7721 0
10 0 3639 0 0.7721 0
10 0 87 0 0.7721 0
10 0 3525 0 0.7721 0
10 0 3450 0 0.7721 0
10 0 216 0 0.7721 0
10 0 3913 0 0.7721 0
10 0 204 0 0.7721 0
10 0 262 0 0.7721 0
10 0 3401 0 0.7721 0
10 0 18 0 0.7721 0
10 0 75 0 0.7721 0
10 0 334 0 0.7721 0
10 0 141 0 0.7721 0
10 0 64 0 0.7721 0
10 0 3427 0 0.7721 0
10 0 3646 0 0.7721 0
10 0 3696 0 0.7721 0
10 0 192 0 0.7721 0
10 0 3588 0 0.7721 0
10 0 261 0 0.7721 0
10 0 61 0 0.7721 0
10 0 3660 0 0.7721 0
10 0 3679 0 0.7721 0
10 0 38 0 0.7721 0
10 0 3477 0 0.7721 0
10 0 3502 0 0.7721 0
10 0 3560 0 0.7721 0
10 0 3371 0 0.7721 0
10 0 62 0 0.7721 0
10 0 295 0 0.7721 0
10 0 3545 0 0.7721 0
10 0 231 0 0.7721 0
10 0 3435 0 0.7721 0
10 0 219 0 0.7721 0
10 0 3494 0 0.7721 0
10 0 3735 0 0.7721 0
10 0 3780 0 0.7721 0
10 0 3668 0 0.7721 0
10 0 67 0 0.7721 0
10 0 275 0 0.7721 0
10 0 3373 0 0.7721 0
10 0 217 0 0.7721 0
10 0 127 0 0.7721 0
10 0 208 0 0.7721 0
10 0 3458 0 0.7721 0
10 0 3438 0 0.7721 0
